"y","x1","x2","x3","x4","x5","x6","x7"
92.81,93.27,93.68,-10.26,4,7,-3,11
92.81,93.26,93.72,-14.26,4,7,-3,11
92.81,93.25,93.68,-14.86,4,9,-5,13
92.72,93.17,93.64,-15.31,4,9,-5,13
92.76,93.18,93.63,-11.78,5,10,-5,15
92.54,92.98,93.59,-11.78,5,10,-5,15
92.76,93.22,93.7,-12.68,5,13,-8,18
92.72,93.16,93.61,-14.23,5,13,-8,18
92.65,93.08,93.59,-14.23,5,13,-8,18
92.85,93.27,93.68,-12.81,5,12,-7,17
92.94,93.39,93.92,-12.87,5,14,-9,19
93.01,93.44,93.96,-14.3,6,14,-8,20
93.14,93.56,94.06,-12.8,9,14,-5,23
93.23,93.69,94.15,-13.16,6,11,-5,17
93.57,94.02,94.45,-6.41,10,14,-4,24
93.53,93.97,94.37,-14.19,6,13,-7,19
93.61,94.06,94.49,-8.74,8,13,-5,21
93.6,94.01,94.45,-10.04,7,15,-8,22
93.35,93.77,94.2,-8.77,10,15,-5,25
93.18,93.61,93.9,-7.11,11,14,-3,25
92.89,93.33,93.76,-6.36,8,14,-6,22
92.83,93.27,93.7,-5.96,9,13,-4,22
92.8,93.24,93.65,-5.63,11,13,-2,24
92.9,93.34,93.75,-5.46,11,12,-1,23
92.95,93.39,93.87,-3.49,12,12,0,24
93.1,93.52,93.94,-4.09,10,14,-4,24
92.86,93.29,93.69,-6.29,9,14,-5,23
92.91,93.34,93.77,-5.38,10,12,-2,22
92.94,93.37,93.82,-5.08,12,11,1,23
92.9,93.38,93.82,-5.18,12,11,1,23
92.96,93.43,93.82,-3.28,13,11,2,24
92.87,93.29,93.82,-3.28,13,11,2,24
92.79,93.22,93.68,-3.23,13,11,2,24
92.73,93.19,93.63,-3.17,13,11,2,24
92.7,93.15,93.58,-3.17,13,11,2,24
92.74,93.2,93.58,-3.17,13,11,2,24
92.72,93.14,93.58,-3.17,13,11,2,24
92.52,92.95,93.39,-3.17,13,11,2,24
92.61,93.07,93.48,-3.32,13,11,2,24
92.64,93.12,93.52,-3.32,13,11,2,24
92.7,93.15,93.6,-3.32,13,11,2,24
92.82,93.28,93.7,-3.32,13,11,2,24
92.84,93.3,93.71,-3.32,13,11,2,24
92.82,93.27,93.71,-3.32,13,11,2,24
92.91,93.36,93.81,-3.32,13,11,2,24
92.9,93.33,93.81,-3.32,13,11,2,24
92.86,93.3,93.81,-3.62,13,12,1,25
92.97,93.41,93.79,-3.62,13,12,1,25
92.89,93.33,93.79,-3.57,13,12,1,25
92.75,93.24,93.65,-3.27,14,11,3,25
92.74,93.12,93.63,-3.27,14,11,3,25
92.81,93.26,93.65,-3.37,14,12,2,26
92.73,93.21,93.6,-3.26,15,12,3,27
92.65,93.1,93.61,-3.31,14,13,1,27
92.58,93.06,93.5,-3.31,14,13,1,27
92.52,92.99,93.46,-4,13,15,-2,28
92.66,93.16,93.48,-20.6,12,18,-6,30
92.53,93,93.44,-21.3,11,19,-8,30
92.63,93.12,93.43,-21.8,11,20,-9,31
92.75,93.18,93.63,-21.81,11,20,-9,31
92.87,93.34,93.7,-21.65,11,19,-8,30
92.78,93.2,93.53,-21.46,9,20,-11,29
93.04,93.46,93.85,-22.52,10,19,-9,29
92.89,93.31,93.72,-21.82,10,19,-9,29
92.87,93.27,93.73,-24.11,11,17,-6,28
92.84,93.27,93.71,-24.25,11,19,-8,30
93.15,93.58,93.99,-24.23,11,20,-9,31
93.16,93.6,94.04,-27.22,10,22,-12,32
93.13,93.54,93.94,-28.01,10,22,-12,32
93.15,93.58,94.02,-12.48,11,20,-9,31
93.13,93.59,93.97,-12.48,10,21,-11,31
93.19,93.61,94.02,-12.33,10,21,-11,31
92.91,93.36,93.77,-12.53,10,22,-12,32
92.8,93.23,93.69,-23.11,9,22,-13,31
92.7,93.13,93.56,-21.29,10,20,-10,30
92.68,93.08,93.48,-26.24,11,19,-8,30
92.66,93.09,93.55,-25.97,13,17,-4,30
92.89,93.28,93.7,-25.83,13,17,-4,30
92.85,93.33,93.71,-25.83,14,16,-2,30
92.83,93.25,93.69,-25.9,13,17,-4,30
92.77,93.23,93.69,-25.9,13,17,-4,30
92.65,93.09,93.51,-20.9,14,17,-3,31
92.55,92.97,93.4,-21.08,13,17,-4,30
92.37,92.83,93.21,-18.01,13,17,-4,30
92.32,92.74,93.2,-25.98,12,17,-5,29
92.18,92.6,92.99,-13.13,12,16,-4,28
92.18,92.6,93,-13.18,12,16,-4,28
92.23,92.62,93.07,-13.18,12,16,-4,28
92.29,92.69,93.07,-13.18,12,16,-4,28
92.33,92.75,93.12,-13.05,13,15,-2,28
92.19,92.64,93.07,-13.05,13,15,-2,28
92.19,92.6,93.03,-13.05,13,15,-2,28
92.25,92.69,93.03,-13.04,13,15,-2,28
92.25,92.67,93.09,-12.75,14,14,0,28
92.2,92.63,93.08,-11.74,14,12,2,26
92.1,92.51,93.04,-11.74,14,12,2,26
92.08,92.51,92.98,-11.74,14,12,2,26
92.28,92.71,93.1,-11.69,15,12,3,27
92.21,92.64,93.1,-11.94,14,13,1,27
92.15,92.58,92.98,-11.94,14,13,1,27
91.86,92.29,92.73,-11.94,14,13,1,27
91.82,92.25,92.68,-11.7,13,13,0,26
91.65,92.08,92.53,-11.18,14,11,3,25
91.79,92.2,92.53,-11.6,16,12,4,28
91.7,92.12,92.52,-10.47,16,12,4,28
91.87,92.27,92.65,-10.57,16,13,3,29
91.97,92.42,92.86,-10.59,15,14,1,29
92.14,92.53,92.99,-10.6,17,12,5,29
92.35,92.77,93.08,-10.74,16,13,3,29
92.64,93,93.43,-11.07,17,11,6,28
92.92,93.34,93.75,-10.83,18,11,7,29
92.69,93.09,93.56,-10.67,18,12,6,30
92.74,93.16,93.54,-23.49,17,16,1,33
92.62,93.03,93.47,-22.39,17,18,-1,35
92.42,92.85,93.26,-9.99,20,13,7,33
92.53,92.93,93.37,-26.78,19,12,7,31
92.8,93.27,93.69,-26.85,19,12,7,31
92.99,93.42,93.82,-8.42,20,10,10,30
92.88,93.31,93.74,-7.95,19,11,8,30
93.07,93.5,93.89,-10.05,19,10,9,29
92.92,93.31,93.71,-10.32,17,12,5,29
93.01,93.39,93.83,-7.07,19,11,8,30
93.06,93.46,93.85,8.48,20,12,8,32
93.12,93.53,93.86,6.88,18,12,6,30
93.08,93.51,93.86,9.53,17,13,4,30
93.19,93.6,93.94,7.53,16,13,3,29
93.04,93.46,93.87,-5.87,16,12,4,28
93.05,93.47,93.87,-5.87,16,12,4,28
92.94,93.37,93.78,-5.87,16,12,4,28
92.95,93.35,93.78,-5.97,16,12,4,28
93.02,93.41,93.77,-5.97,16,12,4,28
92.96,93.41,93.78,-5.97,16,12,4,28
93.06,93.48,93.86,-5.97,16,12,4,28
93.04,93.46,93.86,-5.97,16,12,4,28
93.01,93.47,93.86,-5.87,16,12,4,28
92.93,93.36,93.75,-5.87,16,12,4,28
92.91,93.33,93.75,-5.87,16,12,4,28
92.85,93.26,93.75,-5.87,16,12,4,28
92.85,93.26,93.66,-5.87,16,12,4,28
92.78,93.19,93.58,-5.87,16,12,4,28
92.8,93.24,93.61,-5.87,16,12,4,28
92.82,93.25,93.65,-5.87,16,12,4,28
92.84,93.25,93.65,-5.87,16,12,4,28
92.66,93.07,93.61,-5.87,16,12,4,28
92.62,93.04,93.46,-5.57,18,11,7,29
92.58,93,93.4,-6.56,18,13,5,31
92.68,93.11,93.5,-6.56,18,13,5,31
92.74,93.15,93.64,-6.43,19,13,6,32
92.81,93.24,93.62,-6.75,17,15,2,32
92.76,93.1,93.53,-6.75,17,15,2,32
92.65,93.04,93.61,-6.84,17,15,2,32
92.61,93.03,93.61,-6.84,17,15,2,32
92.69,93.12,93.52,-6.78,18,14,4,32
92.51,92.94,93.35,-6.78,18,14,4,32
92.66,93.09,93.49,-6.23,18,14,4,32
92.54,92.95,93.35,-6.23,18,14,4,32
92.7,93.14,93.54,-20.43,18,16,2,34
92.81,93.23,93.65,-20.53,18,16,2,34
92.98,93.42,93.79,-20.42,19,15,4,34
93.18,93.59,94.02,-21.15,17,17,0,34
93.2,93.62,94.03,-9.37,15,16,-1,31
92.99,93.44,93.86,-9.24,15,17,-2,32
92.89,93.36,93.76,-9.57,14,17,-3,31
93.17,93.61,94.01,-9.84,15,18,-3,33
93.21,93.65,94.02,-9.54,16,17,-1,33
93.17,93.59,93.98,-9.54,16,17,-1,33
93.15,93.59,93.99,-9.54,16,17,-1,33
93.19,93.63,94.01,-9.3,16,16,0,32
93.25,93.68,94.05,-9.41,15,17,-2,32
93.22,93.66,94.03,-9.49,14,16,-2,30
93.21,93.65,94.05,-9.44,14,16,-2,30
93.29,93.73,94.05,-9.39,14,16,-2,30
93.32,93.76,94.13,-9.34,14,16,-2,30
93.25,93.67,94.13,-7.44,15,16,-1,31
93.28,93.7,94.08,-7.34,15,16,-1,31
93.25,93.69,94.08,-7.34,15,16,-1,31
93.26,93.68,94.08,-7.34,15,16,-1,31
93.17,93.61,93.98,-7.34,15,16,-1,31
93.16,93.59,93.98,-7.34,15,16,-1,31
93.22,93.68,94.04,-5.34,15,16,-1,31
93.3,93.74,94.04,-5.34,15,16,-1,31
93.29,93.73,94.04,-5.34,15,16,-1,31
93.21,93.63,94.04,-2.34,15,16,-1,31
93.16,93.59,94.04,-2.34,15,16,-1,31
93.15,93.58,93.99,-2.54,14,17,-3,31
93.21,93.63,93.99,-2.54,14,17,-3,31
93.19,93.65,94.03,-2.54,14,17,-3,31
93.12,93.55,94.03,-2.54,14,17,-3,31
93.09,93.51,93.9,-2.54,14,17,-3,31
93.02,93.46,93.86,-2.53,14,19,-5,33
93.12,93.56,93.96,-2.53,14,19,-5,33
93.1,93.53,93.9,-2.53,14,19,-5,33
93.1,93.55,93.94,-2.63,14,19,-5,33
93.12,93.55,93.95,-2.73,14,20,-6,34
93.21,93.65,94.06,-2.63,15,19,-4,34
93.41,93.83,94.3,-2.68,15,19,-4,34
93.52,93.96,94.39,-5.78,15,20,-5,35
93.8,94.24,94.65,-5.71,14,21,-7,35
93.72,94.16,94.58,-9.99,13,22,-9,35
93.69,94.14,94.57,-10,13,22,-9,35
93.55,93.99,94.45,-11.12,13,22,-9,35
93.43,93.89,94.3,-7.11,13,21,-8,34
93.44,93.91,94.33,-7.24,12,21,-9,33
93.47,93.93,94.34,-6.34,12,21,-9,33
93.17,93.6,94.02,-5.25,14,21,-7,35
92.87,93.33,93.73,-5.39,12,20,-8,32
92.79,93.25,93.67,-4.22,16,18,-2,34
92.93,93.39,93.82,-3.6,18,15,3,33
92.94,93.38,93.81,-3.84,17,14,3,31
92.96,93.4,93.87,-5.39,14,18,-4,32
92.93,93.39,93.82,-5.24,16,18,-2,34
93.05,93.5,93.94,-19.25,15,20,-5,35
93.16,93.61,94.05,-19.21,16,20,-4,36
93.21,93.66,94.07,-19.51,16,20,-4,36
93.14,93.59,94.1,-18.13,15,21,-6,36
93.25,93.7,94.07,-17.83,15,21,-6,36
93.28,93.72,94.13,-17.84,15,21,-6,36
93.23,93.66,94.15,-18.04,15,22,-7,37
93.15,93.58,94.15,-18.59,15,22,-7,37
93.16,93.59,94.15,-18.58,15,22,-7,37
93.15,93.56,93.96,-18.98,14,21,-7,35
93.18,93.63,93.96,-18.98,14,21,-7,35
93.24,93.7,94.07,-18.98,14,21,-7,35
93.08,93.46,93.92,-19.08,14,21,-7,35
93.13,93.58,94.01,-19.08,14,21,-7,35
93.18,93.61,94.04,-19.08,14,21,-7,35
93.17,93.62,94.03,-19.13,14,21,-7,35
93.17,93.55,94.03,-19.08,14,21,-7,35
93.06,93.51,94.03,-19.08,14,21,-7,35
93.03,93.52,93.9,-19.08,14,21,-7,35
93.01,93.45,93.9,-19.08,14,21,-7,35
92.97,93.41,93.83,-18.95,15,19,-4,34
93.01,93.44,93.83,-17.95,16,19,-3,35
93.08,93.54,93.89,-17.95,16,19,-3,35
93.04,93.49,93.91,-17.95,16,19,-3,35
93.03,93.5,93.91,-17.95,16,19,-3,35
92.92,93.36,93.72,-17.95,16,19,-3,35
93.02,93.48,93.84,-17.94,16,18,-2,34
93.29,93.74,94.05,-17.09,18,16,2,34
93.29,93.73,94.08,-19.12,14,20,-6,34
93.08,93.54,93.9,-19.13,13,21,-8,34
92.96,93.4,93.87,-18.39,14,17,-3,31
92.98,93.42,93.78,-18.27,15,17,-2,32
93.01,93.45,93.9,-17.07,16,17,-1,33
92.98,93.43,93.88,-17.16,17,17,0,34
93.03,93.46,93.85,-17.1,18,16,2,34
93.06,93.49,93.9,-19.27,15,18,-3,33
93.2,93.64,94.02,-19.53,15,19,-4,34
93.08,93.5,93.99,-20.58,14,20,-6,34
93.18,93.62,93.99,-20.93,14,22,-8,36
93.31,93.76,94.17,-25.72,15,21,-6,36
93.5,93.93,94.34,-6.88,15,19,-4,34
93.43,93.85,94.3,-9.59,12,24,-12,36
92.95,93.38,93.82,-31.55,12,25,-13,37
93.07,93.52,93.93,-8.44,18,15,3,33
93.02,93.46,93.9,-8.18,18,14,4,32
92.87,93.32,93.74,-9.12,17,17,0,34
92.94,93.36,93.79,-4.91,20,13,7,33
92.92,93.35,93.8,-4.91,20,13,7,33
92.94,93.39,93.81,-4.91,20,13,7,33
93.08,93.54,93.96,-4.91,21,14,7,35
93.12,93.58,94,-8.12,20,17,3,37
93.13,93.57,93.98,-8.17,19,18,1,37
93.13,93.56,93.99,-8.42,18,18,0,36
93.15,93.61,94.05,-8.75,18,18,0,36
93.18,93.63,93.99,-9.5,18,18,0,36
93.25,93.69,94.07,-9.2,18,18,0,36
93.2,93.65,94.07,-9.18,18,18,0,36
93.18,93.62,94.07,-9.27,18,18,0,36
93.14,93.63,94.07,-9.34,17,19,-2,36
93.14,93.59,94.03,-9.34,17,19,-2,36
93.11,93.55,94.03,-9.34,17,19,-2,36
93.08,93.55,93.98,-9.34,17,19,-2,36
93.47,93.9,94.25,-9.34,17,19,-2,36
93.4,93.84,94.27,-4.79,16,16,0,32
93.43,93.88,94.27,-4.79,16,16,0,32
93.49,93.95,94.35,-4.84,16,16,0,32
93.43,93.88,94.31,-5.84,16,18,-2,34
93.47,93.94,94.31,-5.94,15,19,-4,34
93.48,93.93,94.31,-5.94,15,19,-4,34
93.46,93.91,94.31,-5.89,15,19,-4,34
93.47,93.93,94.38,-5.89,15,19,-4,34
93.54,94,94.39,-5.91,15,19,-4,34
93.57,94.02,94.38,-5.84,16,18,-2,34
93.63,94.12,94.55,-11.46,13,23,-10,36
93.61,94.05,94.53,-15.86,13,23,-10,36
93.65,94.1,94.59,-16.16,12,23,-11,35
93.75,94.19,94.63,-16.06,12,23,-11,35
94.15,94.6,94.97,-21.96,14,24,-10,38
94.68,95.15,95.56,-17.39,15,23,-8,38
94.39,94.84,95.32,-7.16,14,20,-6,34
94.46,94.92,95.34,-5.4,13,20,-7,33
94.38,94.84,95.23,-4.89,14,19,-5,33
94.21,94.67,95.07,-4.93,14,19,-5,33
94.08,94.52,94.93,-7.6,12,23,-11,35
94.24,94.68,95.1,-5.35,12,22,-10,34
94.54,94.98,95.36,-7.57,12,24,-12,36
94.19,94.64,95.04,6.7,14,23,-9,37
94.04,94.47,94.84,5.91,16,23,-7,39
94.04,94.48,94.87,7.2,16,21,-5,37
93.93,94.37,94.75,-2.73,15,20,-5,35
94.01,94.46,94.88,-3.46,16,20,-4,36
94.02,94.45,94.9,-27.33,15,21,-6,36
94.07,94.52,94.9,-26.72,17,18,-1,35
94.15,94.59,94.99,-26.71,17,18,-1,35
93.94,94.4,94.8,-26.01,18,18,0,36
94.07,94.53,94.9,-25.41,18,17,1,35
93.81,94.26,94.64,-25.31,18,17,1,35
93.92,94.37,94.76,-1.29,18,15,3,33
93.87,94.31,94.69,-1.27,19,16,3,35
93.88,94.31,94.67,-1.25,19,15,4,34
93.91,94.35,94.69,-1.2,19,14,5,33
93.89,94.33,94.72,-1.2,19,14,5,33
93.89,94.36,94.67,-1.2,19,14,5,33
94.02,94.46,94.67,-1.2,19,14,5,33
94.07,94.51,94.86,-0.16,19,15,4,34
94,94.46,94.81,0.04,19,15,4,34
93.99,94.45,94.8,0.04,19,15,4,34
93.93,94.37,94.73,0.04,19,15,4,34
93.92,94.37,94.73,0.04,19,15,4,34
93.88,94.32,94.73,0.04,19,15,4,34
93.89,94.32,94.69,-0.06,18,16,2,34
93.88,94.27,94.69,-0.06,18,16,2,34
93.84,94.28,94.69,-0.06,18,16,2,34
93.88,94.3,94.67,-0.06,18,16,2,34
93.84,94.3,94.67,-0.06,18,16,2,34
93.92,94.32,94.7,-0.06,18,16,2,34
93.85,94.29,94.67,-0.06,18,16,2,34
93.71,94.15,94.6,-0.06,18,16,2,34
93.68,94.12,94.5,-0.26,18,16,2,34
93.78,94.18,94.54,-0.16,18,16,2,34
93.82,94.24,94.62,0.4,20,14,6,34
93.74,94.16,94.55,0.42,21,13,8,34
93.78,94.22,94.6,0.42,21,13,8,34
93.67,94.13,94.52,0.67,22,13,9,35
93.64,94.06,94.45,0.97,21,14,7,35
93.53,93.97,94.4,1.07,22,13,9,35
93.38,93.79,94.17,1.13,23,12,11,35
93.16,93.6,93.99,-0.47,21,12,9,33
93.18,93.61,94.05,-0.99,20,16,4,36
93.05,93.51,93.85,-0.36,20,14,6,34
93.07,93.51,93.76,-0.36,20,13,7,33
93.38,93.81,94.23,-0.25,21,12,9,33
93.54,94,94.34,0.15,23,10,13,33
93.16,93.59,93.94,-0.85,24,9,15,33
93.13,93.55,93.91,-1,23,10,13,33
92.91,93.32,93.67,-1.13,21,10,11,31
93.06,93.49,93.83,-1.16,21,12,9,33
93.07,93.49,93.83,-1.59,21,9,12,30
93.13,93.55,93.9,-1.42,22,11,11,33
93.28,93.7,94.03,-1.38,22,9,13,31
93.27,93.69,94.03,-1.69,22,10,12,32
93.23,93.65,94,-1.78,22,11,11,33
93.29,93.71,94.11,-1.87,23,11,12,34
93.59,94.02,94.37,-7.88,21,11,10,32
93.65,94.08,94.43,-7.3,22,10,12,32
93.73,94.16,94.53,-8,21,10,11,31
93.66,94.08,94.43,-8.05,20,11,9,31
93.74,94.13,94.53,-8.05,20,11,9,31
93.7,94.11,94.53,-8.05,20,11,9,31
93.77,94.19,94.54,-8.05,20,11,9,31
93.76,94.19,94.57,-8.06,20,12,8,32
93.84,94.26,94.64,-8.17,20,12,8,32
93.87,94.27,94.67,-8.07,20,12,8,32
93.87,94.3,94.68,-7.86,21,11,10,32
94.02,94.45,94.83,17.14,22,11,11,33
94,94.44,94.85,16.84,20,12,8,32
94.22,94.68,95.04,16.84,20,12,8,32
94.15,94.58,94.97,16.66,20,12,8,32
94.17,94.59,94.96,-8.34,19,12,7,31
94.13,94.57,94.96,-8.24,19,11,8,30
94.17,94.6,94.96,-8.24,19,11,8,30
94.15,94.57,94.95,-8.25,19,11,8,30
94.22,94.64,94.94,-8.25,19,11,8,30
94.2,94.66,95.05,-9.25,19,11,8,30
94.23,94.67,95,-9.25,19,11,8,30
94.21,94.63,95,-9.25,19,11,8,30
94.26,94.69,95.02,-9.15,19,11,8,30
94.18,94.62,94.98,-9.15,19,11,8,30
93.91,94.33,94.66,-9.25,19,11,8,30
93.8,94.23,94.6,-9.24,19,11,8,30
94.04,94.45,94.84,-9.35,19,12,7,31
94.06,94.45,94.82,-9.25,19,11,8,30
94.09,94.52,94.94,-8.91,21,9,12,30
94.18,94.62,95.03,-9.12,21,10,11,31
94.07,94.49,94.92,-9.22,21,10,11,31
94.19,94.63,94.99,-9.32,20,11,9,31
93.92,94.36,94.8,-9.32,20,11,9,31
93.94,94.38,94.77,-10.31,21,11,10,32
93.91,94.36,94.72,-10.26,21,11,10,32
93.92,94.38,94.75,-10.26,21,11,10,32
93.74,94.2,94.58,-10.23,20,12,8,32
93.33,93.78,94.18,-9.62,22,11,11,33
93.1,93.55,93.95,-10.13,20,12,8,32
93.45,93.89,94.28,-7.98,25,7,18,32
93.49,93.93,94.36,-8.33,23,9,14,32
93.38,93.82,94.21,-8.32,22,9,13,31
93.34,93.79,94.2,-8.11,25,8,17,33
93.44,93.88,94.26,-7.91,26,7,19,33
93.7,94.14,94.52,-7.99,25,7,18,32
93.53,93.97,94.4,-8.07,24,7,17,31
94.23,94.68,95.07,-8.85,23,8,15,31
94.28,94.72,95.08,-9.29,20,11,9,31
94.15,94.59,94.95,-9.88,20,13,7,33
94.19,94.64,94.99,-13.28,21,14,7,35
94.22,94.64,95.04,-13.28,21,14,7,35
94.2,94.67,95.06,-13.28,21,14,7,35
94.2,94.68,95.06,-13.33,21,15,6,36
94.24,94.69,95.06,-13.33,21,15,6,36
94.11,94.58,95.06,-13.33,21,15,6,36
94.16,94.56,95.06,-13.33,21,15,6,36
94.11,94.57,94.93,-13.29,21,14,7,35
94.06,94.49,94.91,-13.29,21,14,7,35
94.04,94.47,94.84,-13.29,21,14,7,35
94.03,94.47,94.84,-13.29,21,14,7,35
94.03,94.47,94.81,-13.29,21,14,7,35
94.02,94.44,94.83,-10.29,21,14,7,35
93.94,94.37,94.83,-10.29,21,14,7,35
93.93,94.34,94.73,-10.21,21,13,8,34
93.85,94.27,94.66,-9.61,21,11,10,32
93.82,94.26,94.61,-9.5,21,11,10,32
93.74,94.18,94.55,-9.4,21,11,10,32
93.79,94.24,94.6,-9.4,21,11,10,32
93.72,94.17,94.6,-9.45,21,12,9,33
93.78,94.21,94.6,-9.5,21,12,9,33
93.77,94.21,94.54,-9.49,22,11,11,33
94.07,94.5,94.77,-9.44,22,11,11,33
94.11,94.54,94.91,-9.5,22,12,10,34
94.15,94.58,95.06,-9.55,22,12,10,34
94.4,94.84,95.24,-9.07,23,12,11,35
94.28,94.74,95.15,-8.8,22,13,9,35
94.11,94.57,94.93,-9.64,20,15,5,35
94.08,94.54,94.92,-9.64,21,14,7,35
94.05,94.52,94.91,-11.2,21,16,5,37
93.96,94.43,94.83,-11.33,20,17,3,37
93.66,94.13,94.55,-9.68,20,14,6,34
93.66,94.12,94.56,-9.42,21,12,9,33
93.9,94.36,94.75,-8.57,23,10,13,33
94.12,94.58,94.98,-8.52,22,9,13,31
93.88,94.35,94.71,-8.24,22,12,10,34
93.86,94.3,94.68,-9.96,21,14,7,35
93.92,94.35,94.74,-9.17,23,12,11,35
93.92,94.35,94.72,-8.53,25,11,14,36
93.86,94.3,94.7,-9.01,23,12,11,35
93.78,94.22,94.59,-9,23,12,11,35
93.9,94.34,94.73,-8.88,23,11,12,34
93.96,94.4,94.78,-8.88,23,11,12,34
93.84,94.28,94.62,-8.96,23,11,12,34
93.29,93.72,94.1,-8.94,23,11,12,34
93.45,93.9,94.22,-8.96,22,9,13,31
93.44,93.88,94.28,-8.91,22,9,13,31
93.46,93.9,94.27,-8.41,23,8,15,31
93.46,93.92,94.18,-5.41,24,8,16,32
93.42,93.86,94.32,-8.41,23,8,15,31
93.42,93.87,94.3,-8.41,23,8,15,31
93.47,93.96,94.27,-8.41,23,8,15,31
93.45,93.91,94.27,-8.41,23,8,15,31
93.45,93.89,94.32,-8.51,23,9,14,32
93.43,93.86,94.28,-8.51,23,9,14,32
93.42,93.87,94.24,-8.61,22,10,12,32
93.4,93.87,94.25,-8.61,22,10,12,32
93.45,93.91,94.3,-8.61,22,10,12,32
93.54,93.99,94.39,-8.61,22,10,12,32
93.6,94.04,94.39,-8.61,22,10,12,32
93.59,94.04,94.41,-8.61,22,10,12,32
93.6,94.06,94.41,-8.61,22,10,12,32
93.59,94.05,94.43,-8.41,22,10,12,32
93.52,93.97,94.32,-8.41,22,10,12,32
93.47,93.91,94.33,-8.41,22,10,12,32
93.45,93.89,94.26,-8.41,22,10,12,32
93.53,93.97,94.37,-8.41,22,10,12,32
93.5,93.97,94.32,-8.81,23,10,13,33
93.4,93.85,94.24,-8.81,23,10,13,33
93.31,93.77,94.2,-8.21,23,9,14,32
93.15,93.61,94,-7.4,25,9,16,34
93.21,93.67,94.08,-7.19,25,9,16,34
93.29,93.76,94.08,-6.91,25,8,17,33
93.42,93.89,94.25,-6.85,26,8,18,34
93.51,93.97,94.35,-6.83,26,8,18,34
93.53,93.98,94.37,-7.93,26,8,18,34
93.39,93.84,94.23,-7.93,26,8,18,34
93.31,93.77,94.19,-7.94,26,8,18,34
93.18,93.63,94,-7.99,26,8,18,34
93.4,93.86,94.22,-9.45,24,11,13,35
93.22,93.66,94.09,-9.46,24,11,13,35
93.53,93.98,94.36,-9.44,24,11,13,35
93.5,93.95,94.3,-10.43,25,12,13,37
93.5,93.98,94.35,-10.58,23,13,10,36
93.81,94.27,94.63,-0.56,23,12,11,35
94.12,94.55,94.88,-10.38,21,12,9,33
94.26,94.7,95.05,-11.32,20,13,7,33
94.19,94.63,94.97,-11.52,20,13,7,33
94.22,94.66,94.99,-11.72,20,14,6,34
93.94,94.37,94.71,-12.04,20,15,5,35
93.96,94.4,94.73,-11.62,19,15,4,34
94.24,94.69,95.1,-11.72,19,16,3,35
94.15,94.61,94.98,-10.66,21,16,5,37
94.18,94.63,95,-10.87,22,16,6,38
94.17,94.64,95,-10.88,21,17,4,38
94.2,94.65,95.02,-10.88,21,17,4,38
94.21,94.66,95,-10.93,20,18,2,38
94.2,94.65,94.98,-11.18,20,18,2,38
94.11,94.56,94.93,-11.18,20,18,2,38
94.1,94.56,94.93,-35.99,21,19,2,40
94.14,94.6,94.93,-35.79,21,19,2,40
94.21,94.66,94.99,-35.79,21,19,2,40
94.14,94.6,94.99,-35.79,21,19,2,40
94.11,94.57,94.92,-35.79,21,19,2,40
94.04,94.51,94.89,-35.79,21,19,2,40
94.03,94.49,94.89,-35.79,21,19,2,40
93.92,94.39,94.89,-35.79,21,19,2,40
93.87,94.32,94.65,-12.19,21,18,3,39
93.87,94.32,94.67,-12.16,21,17,4,38
93.82,94.27,94.64,-12.06,21,17,4,38
93.86,94.32,94.64,-11.86,21,17,4,38
93.94,94.39,94.75,-11.86,21,17,4,38
93.97,94.42,94.77,-11.56,21,16,5,37
93.99,94.44,94.81,-11.46,22,15,7,37
94.04,94.48,94.8,-11.26,22,14,8,36
94.13,94.57,94.93,-11.26,22,14,8,36
94.12,94.57,94.93,-12.36,21,17,4,38
94.32,94.77,95.15,-12.56,20,18,2,38
94.34,94.79,95.14,-13.51,19,20,-1,39
94.37,94.8,95.16,-13.16,18,21,-3,39
94.4,94.84,95.22,-13.16,18,21,-3,39
94.61,95.06,95.42,-13.19,18,22,-4,40
94.5,94.95,95.3,-12.59,19,21,-2,40
94.63,95.08,95.46,-14.69,18,23,-5,41
94.79,95.22,95.63,-14.69,18,23,-5,41
94.74,95.21,95.59,-15.95,19,23,-4,42
94.71,95.18,95.53,-16.05,18,24,-6,42
94.99,95.45,95.8,-15.92,18,24,-6,42
95.34,95.81,96.18,-16,19,19,0,38
95.39,95.87,96.22,-12.54,20,15,5,35
95.48,95.93,96.29,-13.17,20,19,1,39
95.31,95.76,96.11,-12.44,21,14,7,35
95.27,95.73,96.1,-11.79,21,13,8,34
95.29,95.74,96.12,-11.72,21,13,8,34
95.45,95.9,96.28,-11.8,20,14,6,34
95.89,96.34,96.7,-12.1,19,15,4,34
95.68,96.12,96.5,-11.25,21,14,7,35
95.63,96.08,96.42,-12.45,20,15,5,35
95.5,95.94,96.32,-12.23,20,15,5,35
95.33,95.77,96.16,-12.03,20,14,6,34
95.4,95.84,96.2,-10.54,21,13,8,34
95.31,95.74,96.14,-9.59,21,13,8,34
95.27,95.72,96.15,-9.64,20,14,6,34
95.23,95.68,96.04,-9.59,21,13,8,34
95.17,95.61,96,-9.08,21,12,9,33
95.18,95.62,95.98,-9.03,21,12,9,33
95.17,95.62,95.99,-8.99,21,12,9,33
95.2,95.66,96.04,-8.99,21,12,9,33
95.22,95.67,96.03,-3.99,21,12,9,33
95.19,95.65,96.05,-3.99,21,12,9,33
95.26,95.73,96.08,-1.99,21,12,9,33
95.16,95.6,96.06,26.01,24,11,13,35
95.2,95.64,96.01,-1.92,23,12,11,35
95.25,95.71,96.01,-1.92,23,12,11,35
95.32,95.76,96.15,-1.92,23,12,11,35
95.36,95.82,96.19,-1.92,23,12,11,35
95.51,95.97,96.34,-1.77,23,12,11,35
95.61,96.05,96.41,-1.77,23,12,11,35
95.61,96.07,96.45,-1.79,22,12,10,34
95.56,96.02,96.36,-1.95,21,13,8,34
95.54,95.98,96.35,-1.95,21,13,8,34
95.62,96.07,96.48,-1.95,21,13,8,34
95.61,96.06,96.44,-1.9,21,13,8,34
95.5,95.95,96.27,-1.86,21,13,8,34
95.35,95.81,96.19,-2.36,21,13,8,34
95.32,95.75,96.11,-2.25,23,14,9,37
95.34,95.79,96.19,-1.68,23,13,10,36
95.37,95.83,96.2,-2.18,23,13,10,36
95.37,95.83,96.21,-3.19,23,14,9,37
95.43,95.88,96.24,-2.61,24,13,11,37
95.36,95.81,96.18,-2.81,22,13,9,35
95.16,95.6,95.97,-3.31,22,13,9,35
95.34,95.78,96.19,-3.43,21,14,7,35
95.36,95.81,96.16,-3.37,22,14,8,36
95.44,95.88,96.23,-2.83,22,14,8,36
95.4,95.85,96.23,13.15,23,13,10,36
95.44,95.9,96.24,12.94,23,16,7,39
95.27,95.72,96.08,-1.86,23,15,8,38
95.08,95.54,95.91,-2.56,23,15,8,38
95.12,95.56,95.93,-3.08,22,15,7,37
95.1,95.53,95.9,-2.67,22,17,5,39
95.15,95.59,95.96,-2.67,22,17,5,39
95.39,95.85,96.21,-2.67,22,17,5,39
95.54,95.98,96.33,-1.9,23,15,8,38
95.56,96,96.38,-1.9,23,15,8,38
95.59,96.06,96.46,-2.05,21,16,5,37
95.42,95.93,96.33,-2.05,21,16,5,37
95.37,95.85,96.24,-2,22,15,7,37
95.56,96.04,96.42,-2.01,22,15,7,37
95.29,95.85,96.17,-2.01,22,15,7,37
95.31,95.81,96.2,-2.01,22,15,7,37
95.25,95.79,96.14,-2.34,21,16,5,37
95.26,95.77,96.1,-2.34,21,16,5,37
95.36,95.84,96.18,-2.33,21,16,5,37
95.2,95.74,96.09,-3.83,21,17,4,38
95.25,95.73,96.12,-3.83,21,17,4,38
95.27,95.75,96.09,-3.83,21,17,4,38
95.25,95.75,96.13,-3.83,21,17,4,38
95.23,95.74,96.14,-3.83,21,17,4,38
95.26,95.75,96.1,-3.83,21,17,4,38
95.2,95.7,96.1,-3.83,21,17,4,38
95.18,95.7,96.04,-3.83,21,17,4,38
95.22,95.73,96.11,-3.83,21,17,4,38
95.22,95.66,96.07,-3.83,21,17,4,38
95.16,95.63,96.03,-3.83,21,17,4,38
95.1,95.58,95.99,-3.83,21,17,4,38
95.05,95.53,95.94,-3.83,21,17,4,38
95.05,95.54,95.94,-3.83,21,17,4,38
95.08,95.61,95.99,-3.83,21,17,4,38
95.2,95.68,96.04,-3.83,21,17,4,38
95.27,95.75,96.14,-3.65,21,17,4,38
95.06,95.55,95.95,-3.65,21,17,4,38
95.12,95.65,96.1,-3.7,20,17,3,37
95.15,95.66,96.04,-3.7,20,17,3,37
95.13,95.64,96.02,-3.7,20,17,3,37
95.16,95.65,96.05,-3.7,20,17,3,37
95.16,95.66,96.04,-3.7,20,17,3,37
95.25,95.75,96.15,-3.7,20,17,3,37
95.24,95.72,96.11,-3.7,20,17,3,37
95.16,95.66,96.02,-3.7,20,17,3,37
95.18,95.7,96.08,-3.7,20,17,3,37
95.15,95.65,96.01,-3.7,20,17,3,37
95.16,95.65,96.03,-3.7,20,17,3,37
95.13,95.62,96.02,-3.7,20,17,3,37
95.15,95.64,96.04,-3.7,20,17,3,37
95.11,95.59,95.99,-3.6,21,17,4,38
95.23,95.67,96.07,-3.6,21,17,4,38
95.26,95.72,96.11,-3.6,21,17,4,38
95.24,95.73,96.12,-3.6,21,17,4,38
95.36,95.85,96.21,-3.6,21,17,4,38
95.47,95.89,96.27,-3.6,21,17,4,38
95.35,95.86,96.23,-1.67,23,13,10,36
95.35,95.82,96.23,-1.67,23,13,10,36
95.29,95.81,96.2,-1.67,23,13,10,36
95.41,95.93,96.28,-1.67,23,13,10,36
95.44,95.9,96.33,-1.67,23,13,10,36
95.45,95.96,96.35,-1.67,23,13,10,36
95.54,96.04,96.44,-1.67,23,13,10,36
95.59,96.04,96.46,-1.67,23,13,10,36
95.56,96.01,96.41,-1.67,23,13,10,36
95.55,96.07,96.46,-1.67,23,13,10,36
95.71,96.2,96.58,-1.67,23,13,10,36
95.62,96.13,96.51,-1.67,23,13,10,36
95.68,96.16,96.51,-1.67,23,13,10,36
95.56,96.05,96.43,-1.67,23,13,10,36
95.58,96.05,96.47,-1.67,23,13,10,36
95.41,95.9,96.3,-1.67,23,13,10,36
95.2,95.72,96.12,-1.67,23,13,10,36
95.24,95.73,96.13,-1.67,23,13,10,36
95.32,95.81,96.2,-1.67,23,13,10,36
95.51,95.98,96.36,-1.67,23,13,10,36
95.41,95.91,96.36,-1.67,23,13,10,36
95.51,96.02,96.37,-1.67,23,13,10,36
95.56,95.98,96.36,-1.67,23,13,10,36
95.48,95.94,96.32,-1.67,23,13,10,36
95.52,95.97,96.37,-1.67,23,13,10,36
95.52,95.95,96.4,-1.67,23,13,10,36
95.64,96.1,96.47,-1.67,23,13,10,36
95.71,96.16,96.55,-1.67,23,13,10,36
95.89,96.34,96.71,-1.67,23,13,10,36
95.63,96.08,96.46,-1.67,23,13,10,36
95.87,96.32,96.7,-1.67,23,13,10,36
96.04,96.46,96.83,-1.67,23,13,10,36
96.2,96.66,97.04,-1.67,23,13,10,36
96.16,96.64,97.03,-1.67,23,13,10,36
96.23,96.8,97.17,-1.67,23,13,10,36
96.16,96.78,97.17,-1.67,23,13,10,36
96.18,96.72,97.1,-1.67,23,13,10,36
96.13,96.69,97.09,-1.67,23,13,10,36
96.71,97.1,97.42,-18.39,4,30,-26,34
96.63,97.01,97.31,-18.39,4,30,-26,34
96.61,97,97.31,-18.34,4,30,-26,34
96.61,97.01,97.31,-18.34,4,30,-26,34
96.54,96.92,97.31,-18.34,4,30,-26,34
96.6,96.95,97.32,-19.14,4,30,-26,34
96.59,96.98,97.31,-19.14,4,30,-26,34
96.58,96.93,97.3,-19.14,4,30,-26,34
96.63,96.98,97.32,-19.14,4,30,-26,34
96.56,96.94,97.32,-17.94,4,29,-25,33
96.64,97.02,97.27,-17.94,4,29,-25,33
96.66,97.02,97.32,-17.94,4,29,-25,33
96.59,96.96,97.31,-17.44,4,29,-25,33
96.59,96.98,97.33,-17.44,4,29,-25,33
96.58,96.93,97.26,-17.44,4,29,-25,33
96.52,96.9,97.22,-18.44,4,30,-26,34
96.59,96.97,97.19,-18.34,4,30,-26,34
96.69,97.08,97.44,-14.44,5,29,-24,34
96.76,97.16,97.42,-17.46,5,31,-26,36
96.75,97.11,97.44,-16.27,7,30,-23,37
96.68,97.06,97.46,-17.45,7,30,-23,37
96.66,97.07,97.4,-15.7,9,29,-20,38
96.83,97.21,97.53,-15.7,9,29,-20,38
96.72,97.1,97.44,-15.83,8,29,-21,37
96.81,97.19,97.52,-15.72,8,29,-21,37
96.52,96.86,97.17,-15.82,8,28,-20,36
96.41,96.8,97.15,-16.87,10,29,-19,39
96.58,96.97,97.3,-14.26,10,27,-17,37
96.5,96.89,97.21,-14.57,11,27,-16,38
96.42,96.81,97.16,-14.72,10,27,-17,37
96.5,96.89,97.25,-12.65,11,26,-15,37
96.39,96.78,97.16,-11.26,11,26,-15,37
96.4,96.79,97.09,-11.24,11,26,-15,37
96.39,96.78,97.14,-11.16,12,26,-14,38
96,96.43,96.79,-11.16,12,26,-14,38
95.72,96.17,96.61,-11.07,14,24,-10,38
95.31,95.84,96.3,-1.55,16,21,-5,37
95.39,95.88,96.33,1.62,18,18,0,36
95.56,96.01,96.41,3.75,17,18,-1,35
95.61,96.05,96.43,-0.21,16,18,-2,34
95.66,96.14,96.51,-0.16,16,18,-2,34
95.53,95.95,96.39,-4.21,16,18,-2,34
95.55,96.02,96.39,-3.22,16,18,-2,34
95.54,95.9,96.39,-3.22,16,18,-2,34
95.48,95.99,96.39,-3.22,16,18,-2,34
95.33,95.78,96.18,-3.22,16,18,-2,34
95.17,95.6,96,-3.21,17,17,0,34
95.23,95.69,96.16,-4.21,16,17,-1,33
95.32,95.84,96.23,-4.21,16,17,-1,33
95.44,95.88,96.23,-4.21,16,17,-1,33
95.47,95.95,96.23,-4.21,16,17,-1,33
95.37,95.82,96.27,-4.21,16,17,-1,33
95.42,95.9,96.31,-4.21,16,17,-1,33
95.46,95.92,96.26,-4.21,16,17,-1,33
95.51,95.97,96.38,-4.21,16,17,-1,33
95.55,96,96.39,-4.21,16,17,-1,33
95.57,96.03,96.44,-4.21,16,17,-1,33
95.46,95.91,96.38,-3.26,15,18,-3,33
95.56,95.98,96.38,-3.31,15,18,-3,33
95.53,95.99,96.4,-3.31,15,18,-3,33
95.47,95.93,96.31,8.59,14,18,-4,32
95.52,95.95,96.4,8.17,13,20,-7,33
95.52,95.96,96.4,8.47,14,19,-5,33
95.55,96.03,96.46,8.52,14,18,-4,32
95.61,96.1,96.49,8.72,14,18,-4,32
95.6,96.08,96.52,8.67,14,18,-4,32
95.5,96.01,96.47,7.26,12,19,-7,31
95.57,96.05,96.5,7.17,13,19,-6,32
95.38,95.86,96.38,7.37,13,19,-6,32
95.54,96.03,96.48,7.52,12,19,-7,31
95.53,96.01,96.47,8.52,12,19,-7,31
95.78,96.24,96.62,8.52,12,19,-7,31
96.11,96.55,96.94,8.41,11,21,-10,32
96.09,96.54,96.95,8.68,12,24,-12,36
96.08,96.55,97,8.78,14,21,-7,35
95.86,96.32,96.77,8.69,14,21,-7,35
96.14,96.58,96.99,5.82,15,20,-5,35
96.44,96.91,97.36,17.07,16,20,-4,36
96.37,96.85,97.34,11.66,16,22,-6,38
96.18,96.67,97.11,1.84,11,25,-14,36
96.15,96.62,97.05,3.15,12,24,-12,36
96.21,96.69,97.09,5.25,14,24,-10,38
95.86,96.36,96.81,4.4,13,23,-10,36
95.94,96.44,96.88,5.44,13,24,-11,37
95.95,96.43,96.88,5.89,15,24,-9,39
96.1,96.59,97.03,5.94,15,23,-8,38
95.99,96.48,96.91,5.24,15,21,-6,36
96.07,96.53,96.97,3.54,12,23,-11,35
95.98,96.45,96.93,2.54,11,23,-12,34
95.96,96.45,96.93,2.54,11,23,-12,34
96,96.49,96.93,2.54,11,23,-12,34
95.96,96.45,96.93,2.54,11,23,-12,34
95.86,96.4,96.8,3.04,11,23,-12,34
95.89,96.35,96.82,2.84,10,24,-14,34
95.91,96.39,96.85,2.94,10,23,-13,33
95.89,96.35,96.81,3.04,11,23,-12,34
95.86,96.35,96.81,3.04,11,23,-12,34
95.88,96.33,96.8,3.04,11,23,-12,34
95.79,96.29,96.8,3.04,11,23,-12,34
95.79,96.27,96.8,2.94,10,23,-13,33
95.79,96.28,96.69,2.94,10,23,-13,33
95.82,96.32,96.74,2.95,10,23,-13,33
95.87,96.32,96.74,3,10,23,-13,33
95.85,96.34,96.74,4.6,10,22,-12,32
95.77,96.33,96.74,4.6,10,22,-12,32
96.02,96.51,96.74,4.66,11,21,-10,32
96.11,96.6,97.09,4.6,10,22,-12,32
96.16,96.72,97.08,3.6,10,21,-11,31
96.15,96.64,97.22,3.5,10,22,-12,32
96.19,96.75,97.2,3,10,22,-12,32
96.34,96.83,97.28,3.1,10,21,-11,31
96.25,96.79,97.19,3.16,11,20,-9,31
96.31,96.81,97.26,3.16,11,20,-9,31
96.33,96.81,97.28,1.51,10,23,-13,33
96.41,96.91,97.42,1.51,10,22,-12,32
96.21,96.76,97.22,1.51,10,22,-12,32
96.37,96.87,97.32,2.61,10,21,-11,31
96.32,96.82,97.28,2.61,10,21,-11,31
96.27,96.77,97.19,2.61,10,21,-11,31
96.52,96.99,97.32,2.58,10,22,-12,32
96.31,96.78,97.23,2.71,10,21,-11,31
96.32,96.8,97.25,2.75,11,21,-10,32
96.09,96.58,97.01,2.75,11,21,-10,32
95.81,96.29,96.75,2.75,11,21,-10,32
95.69,96.18,96.79,-1.98,13,18,-5,31
95.7,96.18,96.72,4.37,13,19,-6,32
95.91,96.38,96.82,4.37,13,19,-6,32
96.03,96.52,96.96,4.53,14,18,-4,32
96.22,96.71,97.15,3.88,14,18,-4,32
96.06,96.51,96.86,4.73,14,17,-3,31
95.9,96.34,96.75,4.43,13,18,-5,31
95.96,96.41,96.82,4.48,13,18,-5,31
96.02,96.46,96.84,4.73,14,17,-3,31
96.02,96.47,96.87,4.43,13,18,-5,31
96,96.41,96.89,4.43,13,18,-5,31
96.03,96.46,96.89,5.43,13,18,-5,31
96.09,96.51,96.89,4.43,12,18,-6,30
95.93,96.36,96.8,4.43,12,18,-6,30
95.94,96.36,96.78,4.43,12,18,-6,30
95.93,96.36,96.77,4.43,12,18,-6,30
95.99,96.42,96.84,4.43,12,18,-6,30
95.99,96.5,96.84,4.43,12,18,-6,30
95.99,96.44,96.87,4.43,12,18,-6,30
95.96,96.42,96.82,4.43,12,18,-6,30
95.96,96.43,96.82,4.43,12,18,-6,30
95.95,96.43,96.82,4.43,12,18,-6,30
95.92,96.4,96.82,4.43,12,18,-6,30
95.95,96.4,96.81,4.43,12,18,-6,30
95.97,96.45,96.88,4.43,12,18,-6,30
95.98,96.48,96.87,4.43,12,18,-6,30
96.12,96.62,96.93,4.43,12,18,-6,30
96.07,96.53,96.93,4.43,12,18,-6,30
96.07,96.53,96.93,4.43,12,18,-6,30
96.07,96.52,96.95,4.43,12,18,-6,30
96,96.48,96.95,4.43,12,18,-6,30
95.85,96.29,96.82,4.37,12,19,-7,31
95.83,96.3,96.71,5.43,12,18,-6,30
95.99,96.41,96.72,5.4,12,19,-7,31
95.89,96.31,96.75,5.4,12,19,-7,31
95.86,96.31,96.76,5.4,12,19,-7,31
95.8,96.25,96.76,5.39,11,20,-9,31
95.88,96.38,96.63,5.39,11,20,-9,31
95.84,96.28,96.7,5.39,11,20,-9,31
95.82,96.3,96.74,5.39,11,20,-9,31
96.23,96.69,97.17,5.39,11,20,-9,31
96.12,96.57,97.01,1.04,13,20,-7,33
96.67,97.11,97.48,0.34,12,21,-9,33
96.61,97.04,97.42,-5.73,13,20,-7,33
96.1,96.55,96.98,14.77,15,20,-5,35
95.76,96.21,96.59,0.97,14,21,-7,35
95.87,96.32,96.69,3.07,15,18,-3,33
96.08,96.54,96.89,6.27,15,18,-3,33
96.35,96.78,97.18,6.07,15,19,-4,34
96.2,96.63,97.03,6.09,15,21,-6,36
96.27,96.71,97.08,6.6,15,19,-4,34
96.25,96.71,97.09,5.05,14,20,-6,34
96.17,96.6,97.02,5.55,14,20,-6,34
96.44,96.88,97.28,5.55,14,20,-6,34
96.49,96.94,97.31,5.5,14,20,-6,34
96.44,96.88,97.3,2.4,15,19,-4,34
96.48,96.92,97.3,1.4,14,21,-7,35
96.54,96.96,97.34,1.2,13,22,-9,35
96.52,96.96,97.36,1.1,12,23,-11,35
96.57,97,97.39,1.2,13,22,-9,35
96.5,96.93,97.33,1.2,13,22,-9,35
96.54,96.98,97.33,1.2,13,22,-9,35
96.48,96.96,97.33,1.2,13,22,-9,35
96.54,96.95,97.35,1.2,13,22,-9,35
96.69,97.14,97.48,1.2,13,22,-9,35
96.63,97,97.43,1.3,14,21,-7,35
96.65,97.1,97.51,1.1,14,22,-8,36
96.66,97.1,97.51,1.1,14,22,-8,36
96.68,97.1,97.51,0.96,14,23,-9,37
96.61,97.05,97.51,0.96,14,23,-9,37
96.71,97.15,97.5,0.96,14,23,-9,37
96.71,97.14,97.54,0.96,14,23,-9,37
96.75,97.15,97.54,0.96,14,23,-9,37
96.78,97.23,97.58,-2.04,14,23,-9,37
96.85,97.27,97.68,-2.17,13,25,-12,38
96.83,97.28,97.67,-2.18,13,26,-13,39
96.85,97.31,97.76,-7.23,13,26,-13,39
96.83,97.26,97.69,-7.26,13,26,-13,39
96.77,97.22,97.54,-7.24,13,26,-13,39
96.76,97.18,97.61,-7.49,12,27,-15,39
96.64,97.06,97.4,-7.69,12,28,-16,40
96.58,96.99,97.33,-7.69,12,28,-16,40
96.52,96.97,97.44,-8.4,12,28,-16,40
96.39,96.82,97.16,-8.35,12,28,-16,40
96.38,96.82,97.23,-7.66,14,26,-12,40
96.47,96.92,97.32,-7.48,13,27,-14,40
96.56,96.98,97.37,-7.58,13,27,-14,40
96.46,96.91,97.34,-7.59,13,27,-14,40
96.49,96.92,97.27,-7.38,13,25,-12,38
96.59,97.04,97.46,-7.44,13,24,-11,37
97.17,97.59,97.96,33.41,15,23,-8,38
97.15,97.57,97.99,-13.43,11,28,-17,39
96.94,97.38,97.68,-9.42,13,24,-11,37
97.6,98.02,98.4,-9.89,13,24,-11,37
97.69,98.09,98.44,-12.6,13,26,-13,39
97.74,98.16,98.59,-12.71,12,27,-15,39
97.49,97.89,98.29,-16.47,12,28,-16,40
97.37,97.8,98.14,-14.46,12,28,-16,40
97.29,97.71,98.07,-11.16,14,26,-12,40
97.26,97.68,98.04,-9.19,14,25,-11,39
97.58,98,98.37,-6.16,15,27,-12,42
97.44,97.85,98.2,-7.08,15,25,-10,40
97.43,97.82,98.19,-10.04,15,26,-11,41
97.45,97.89,98.26,-10.07,14,27,-13,41
97.44,97.86,98.23,-10.07,14,27,-13,41
97.32,97.76,98.16,-11.14,13,28,-15,41
97.32,97.77,98.16,-11.12,14,27,-13,41
97.37,97.79,98.12,-11.12,14,27,-13,41
97.38,97.8,98.12,-11.12,14,27,-13,41
97.41,97.84,98.12,-11.12,14,27,-13,41
97.43,97.85,98.2,-11.12,14,27,-13,41
97.51,97.93,98.24,-11.12,14,27,-13,41
97.51,97.95,98.28,-11.12,14,27,-13,41
97.54,97.92,98.28,-11.12,14,27,-13,41
97.58,98,98.28,-11.12,14,27,-13,41
97.53,97.93,98.36,-11.12,14,27,-13,41
97.52,97.95,98.29,-11.12,14,27,-13,41
97.56,97.97,98.29,-11.12,14,27,-13,41
97.61,98.05,98.42,-11.22,14,27,-13,41
97.53,97.92,98.32,-11.22,14,27,-13,41
97.58,97.98,98.32,-11.17,14,27,-13,41
97.57,97.99,98.32,-11.73,14,28,-14,42
97.53,97.97,98.32,-11.73,14,28,-14,42
97.63,97.99,98.38,-11.78,14,28,-14,42
97.66,98.09,98.42,-11.72,14,27,-13,41
97.61,98.01,98.43,-13.67,14,27,-13,41
97.49,97.92,98.43,-13.62,14,27,-13,41
97.61,98.03,98.38,-9.62,14,27,-13,41
97.71,98.12,98.44,-9.62,14,27,-13,41
97.81,98.24,98.57,-9.36,16,25,-9,41
97.92,98.34,98.71,-11.39,16,25,-9,41
97.95,98.36,98.73,-13.35,16,26,-10,42
97.89,98.32,98.74,-12.15,16,26,-10,42
98.14,98.58,98.94,-12.16,16,26,-10,42
97.81,98.22,98.68,-13.63,14,26,-12,40
97.83,98.26,98.64,-14.18,14,27,-13,41
97.65,98.09,98.47,-13.98,15,26,-11,41
97.84,98.25,98.63,-13.64,16,26,-10,42
97.69,98.11,98.47,-12.04,16,26,-10,42
97.61,98.02,98.49,-11.89,16,26,-10,42
97.76,98.2,98.58,-36.35,17,27,-10,44
97.69,98.13,98.51,-10.78,16,27,-11,43
97.46,97.92,98.38,-4.86,18,25,-7,43
97.72,98.15,98.56,-10.87,16,27,-11,43
97.79,98.23,98.57,-8.31,15,28,-13,43
97.64,98.1,98.4,-5.31,16,27,-11,43
97.67,98.1,98.49,-6.28,16,27,-11,43
97.94,98.37,98.78,-5.77,16,27,-11,43
97.95,98.4,98.79,-4.75,16,26,-10,42
97.98,98.42,98.82,-7.65,14,28,-14,42
98.02,98.49,98.86,-7.55,14,28,-14,42
98.1,98.53,98.96,-8.64,15,27,-12,42
98.01,98.5,98.87,-9.04,14,28,-14,42
98.01,98.42,98.87,-9.85,15,27,-12,42
97.96,98.41,98.8,-9.85,15,27,-12,42
98.01,98.45,98.8,-10,14,28,-14,42
98,98.45,98.8,-10,14,28,-14,42
97.99,98.43,98.86,-10,14,28,-14,42
97.97,98.41,98.8,-10,14,28,-14,42
97.98,98.43,98.8,-10,14,28,-14,42
97.96,98.4,98.8,-10,14,28,-14,42
97.91,98.37,98.77,-10,14,28,-14,42
97.94,98.35,98.77,-10,14,28,-14,42
97.91,98.35,98.77,-10,14,28,-14,42
97.88,98.36,98.72,-10,14,28,-14,42
97.86,98.3,98.72,-10,14,28,-14,42
97.87,98.3,98.68,-10,14,28,-14,42
97.94,98.39,98.71,-10.05,13,29,-16,42
97.88,98.34,98.8,-10.05,13,29,-16,42
97.71,98.14,98.53,-10.05,13,29,-16,42
97.73,98.18,98.53,-7.34,12,29,-17,41
97.87,98.33,98.74,-5.79,12,29,-17,41
97.78,98.22,98.54,-7.22,14,30,-16,44
97.72,98.16,98.54,-7.21,14,30,-16,44
97.75,98.21,98.62,-7,15,29,-14,44
97.7,98.17,98.6,-5.01,15,27,-12,42
97.68,98.14,98.62,-5.01,15,27,-12,42
97.65,98.09,98.49,-5.11,15,27,-12,42
97.66,98.1,98.48,-5.05,16,27,-11,43
97.73,98.19,98.52,-5.14,15,27,-12,42
97.7,98.14,98.53,-5.09,15,26,-11,41
97.79,98.23,98.57,-5.19,14,27,-13,41
97.49,98,98.4,-5.2,14,27,-13,41
97.64,98.09,98.44,-5.15,14,27,-13,41
97.15,97.62,98,-3.09,15,25,-10,40
97.12,97.61,98.02,-0.03,16,22,-6,38
97.14,97.62,98.04,-0.99,15,22,-7,37
97.34,97.82,98.26,-0.94,15,22,-7,37
97.32,97.79,98.26,0.64,15,23,-8,38
97.21,97.68,98.11,1.63,14,22,-8,36
97.37,97.83,98.28,1.67,15,22,-7,37
97.46,97.94,98.41,0.64,15,23,-8,38
97.46,97.97,98.44,-1.02,15,22,-7,37
97.45,97.94,98.39,-1.02,15,22,-7,37
97.52,98,98.43,-1.04,16,23,-7,39
97.45,97.92,98.36,-1.01,16,22,-6,38
97.48,97.97,98.4,-2.11,15,23,-8,38
97.47,97.96,98.41,-1.07,14,23,-9,37
97.44,97.92,98.38,-1.07,14,23,-9,37
97.41,97.91,98.38,-1.12,14,23,-9,37
97.41,97.88,98.32,-1.02,14,23,-9,37
97.53,97.99,98.44,-1.02,14,23,-9,37
97.65,98.12,98.59,-0.92,14,23,-9,37
97.66,98.19,98.59,4.08,15,23,-8,38
97.62,98.12,98.57,3.98,15,23,-8,38
97.47,97.97,98.4,3.98,15,23,-8,38
97.52,98.02,98.49,3.98,15,23,-8,38
97.56,98.05,98.5,3.98,15,23,-8,38
97.45,97.96,98.43,3.88,15,23,-8,38
97.49,97.98,98.43,3.88,15,23,-8,38
97.52,98.02,98.43,3.88,15,23,-8,38
97.53,98.01,98.45,3.88,15,23,-8,38
97.51,98,98.44,3.88,15,23,-8,38
97.52,98.01,98.44,3.88,15,23,-8,38
97.57,98.08,98.51,3.98,16,22,-6,38
97.52,98.01,98.5,3.98,16,22,-6,38
97.51,98.01,98.5,3.08,17,22,-5,39
97.53,98.02,98.48,3.04,18,22,-4,40
97.54,98.03,98.41,3.09,18,22,-4,40
97.46,97.94,98.38,3.14,18,22,-4,40
97.4,97.88,98.32,3.24,18,22,-4,40
97.32,97.8,98.28,3.45,18,22,-4,40
97.24,97.7,98.17,3.44,18,22,-4,40
97.32,97.73,98.25,5.44,18,21,-3,39
97.26,97.75,98.21,5.49,19,20,-1,39
97.19,97.73,98.2,6.59,19,20,-1,39
97.17,97.65,98.12,6.48,19,20,-1,39
97.22,97.7,98.11,5.58,19,20,-1,39
97.22,97.71,98.19,5.58,19,20,-1,39
97.36,97.86,98.28,6.61,19,20,-1,39
97.52,97.99,98.5,6.56,19,21,-2,40
96.73,97.22,97.71,3.46,19,25,-6,44
96.83,97.3,97.83,59.14,20,20,0,40
97.45,97.92,98.39,62.88,19,22,-3,41
97.7,98.15,98.6,14.86,14,25,-11,39
97.84,98.3,98.67,18.71,14,24,-10,38
97.89,98.36,98.78,3.11,14,25,-11,39
97.69,98.15,98.6,0.01,16,24,-8,40
97.41,97.87,98.3,10.08,17,23,-6,40
97.46,97.94,98.35,13.23,18,22,-4,40
97.69,98.17,98.64,14.05,17,22,-5,39
97.76,98.24,98.66,14.02,17,21,-4,38
97.65,98.12,98.54,2.04,16,21,-5,37
97.61,98.09,98.52,3.09,16,22,-6,38
97.65,98.11,98.55,-6.91,16,23,-7,39
97.61,98.08,98.56,3.09,16,22,-6,38
97.56,98.08,98.5,3.32,16,21,-5,37
97.61,98.08,98.5,3.32,16,21,-5,37
97.61,98.09,98.5,3.32,16,21,-5,37
97.6,98.1,98.5,3.32,16,21,-5,37
97.51,98,98.46,3.32,16,21,-5,37
97.54,97.97,98.46,3.37,17,20,-3,37
97.54,98,98.43,3.37,17,20,-3,37
97.52,98.01,98.46,3.37,17,20,-3,37
97.59,98.09,98.44,3.37,17,20,-3,37
97.57,97.99,98.5,3.37,17,20,-3,37
97.59,98.08,98.5,3.37,17,20,-3,37
97.58,98.1,98.5,3.37,17,20,-3,37
97.54,98.1,98.5,3.37,17,20,-3,37
97.46,97.97,98.44,3.37,17,20,-3,37
97.53,98,98.44,3.27,16,21,-5,37
97.47,98,98.44,3.39,16,21,-5,37
97.5,98,98.45,1.39,16,22,-6,38
97.46,97.95,98.36,1.39,16,22,-6,38
97.46,97.94,98.42,1.29,15,24,-9,39
97.37,97.87,98.42,1.29,15,24,-9,39
97.4,97.88,98.2,1.29,15,24,-9,39
97.3,97.76,98.18,5.34,15,23,-8,38
97.27,97.77,98.17,5.25,14,24,-10,38
97.27,97.73,98.18,5.24,14,24,-10,38
97.21,97.75,98.17,5.29,15,23,-8,38
96.88,97.36,97.86,5.85,17,23,-6,40
96.92,97.45,97.83,6.48,19,21,-2,40
96.73,97.2,97.64,6.62,20,21,-1,41
96.77,97.21,97.67,6.64,21,20,1,41
96.79,97.28,97.67,6.75,21,20,1,41
96.51,96.97,97.39,-12.22,21,20,1,41
96.52,96.99,97.49,8.24,22,16,6,38
96.36,96.84,97.29,8.91,24,15,9,39
96.42,96.89,97.38,11.88,25,16,9,41
96.54,97.08,97.45,12.92,25,15,10,40
96.71,97.18,97.7,10.3,25,19,6,44
96.64,97.17,97.65,10.14,23,21,2,44
96.35,96.83,97.3,10.14,23,21,2,44
96.19,96.67,97.12,10.69,24,21,3,45
96.17,96.63,97.1,3.14,25,17,8,42
96.25,96.74,97.18,2.83,24,18,6,42
96.37,96.85,97.26,13.83,25,18,7,43
96.18,96.66,97.11,13.82,24,19,5,43
96.27,96.77,97.17,4.19,26,19,7,45
96.28,96.76,97.2,3.96,22,21,1,43
96.09,96.62,97.07,4.01,22,21,1,43
96.16,96.64,97.07,4.01,24,19,5,43
96.13,96.62,97.14,4.11,25,19,6,44
96.13,96.62,97.07,4.11,25,19,6,44
96.01,96.49,97.07,4.11,25,19,6,44
96,96.49,97.07,4.24,25,19,6,44
96.03,96.51,97.07,4.24,25,19,6,44
95.96,96.42,96.9,4.24,25,19,6,44
96.05,96.53,97,4.24,25,19,6,44
96.03,96.54,97,4.24,25,19,6,44
96.02,96.49,96.95,3.24,25,19,6,44
96.04,96.53,96.95,3.24,25,19,6,44
95.97,96.45,96.9,3.24,25,19,6,44
96.03,96.52,96.99,3.28,26,18,8,44
96.05,96.54,96.95,3.28,26,18,8,44
96.05,96.55,96.99,3.33,26,18,8,44
96.09,96.56,96.99,3.33,26,18,8,44
96.1,96.59,97.04,4.33,26,18,8,44
96.11,96.59,97.02,4.35,26,18,8,44
95.98,96.48,97.04,4.35,26,18,8,44
95.96,96.48,96.91,-44.65,26,19,7,45
95.97,96.44,96.9,-46.65,26,20,6,46
96.32,96.79,97.25,-47.7,26,20,6,46
96.38,96.85,97.31,4.31,25,19,6,44
96.47,96.94,97.39,1.32,26,19,7,45
96.4,96.9,97.43,1.29,26,20,6,46
96.57,97.06,97.53,11.18,24,20,4,44
96.68,97.14,97.59,9.17,22,20,2,42
96.66,97.11,97.51,8.14,22,20,2,42
96.89,97.35,97.75,8.14,22,20,2,42
96.93,97.41,97.94,12.46,25,19,6,44
96.87,97.33,97.78,12.38,23,20,3,43
96.67,97.15,97.66,2.44,25,19,6,44
96.75,97.23,97.69,1.33,23,21,2,44
96.82,97.29,97.77,12.13,21,20,1,41
96.94,97.41,97.92,1.96,20,23,-3,43
96.88,97.34,97.79,-0.37,20,25,-5,45
96.69,97.15,97.6,-0.44,19,26,-7,45
96.64,97.11,97.53,-1.84,18,29,-11,47
96.86,97.32,97.73,-1.25,20,26,-6,46
96.77,97.24,97.69,-0.94,20,27,-7,47
96.85,97.31,97.76,-2.21,20,27,-7,47
96.88,97.33,97.79,-2.3,21,27,-6,48
96.78,97.24,97.67,-2.36,20,28,-8,48
96.66,97.13,97.54,-2.86,20,29,-9,49
96.67,97.13,97.6,0.39,19,25,-6,44
96.61,97.06,97.47,0.74,20,23,-3,43
96.71,97.16,97.57,1.73,21,23,-2,44
96.64,97.07,97.5,1.68,21,24,-3,45
96.67,97.14,97.59,1.73,21,23,-2,44
96.65,97.13,97.56,1.73,21,23,-2,44
96.63,97.09,97.54,1.73,21,23,-2,44
96.66,97.1,97.54,1.73,21,23,-2,44
96.65,97.09,97.51,1.73,21,23,-2,44
96.56,97.04,97.49,1.78,21,23,-2,44
96.66,97.11,97.48,1.78,21,23,-2,44
96.62,97.04,97.51,1.78,21,23,-2,44
96.62,97.06,97.51,1.78,21,23,-2,44
96.67,97.13,97.55,1.78,21,23,-2,44
96.56,97.02,97.47,1.78,21,23,-2,44
96.61,97.05,97.47,1.78,21,23,-2,44
96.63,97.07,97.5,1.73,20,24,-4,44
96.65,97.12,97.58,1.73,20,24,-4,44
96.65,97.12,97.58,1.73,20,24,-4,44
96.63,97.13,97.56,1.73,20,24,-4,44
96.63,97.08,97.52,1.74,20,24,-4,44
96.67,97.13,97.57,1.69,19,25,-6,44
96.57,97.02,97.48,1.69,19,25,-6,44
96.52,96.97,97.34,1.69,19,25,-6,44
96.34,96.79,97.26,1.69,19,25,-6,44
96.35,96.82,97.2,0.45,19,25,-6,44
96.24,96.7,97.16,1.35,21,23,-2,44
96.11,96.6,97.08,1.3,20,24,-4,44
96.06,96.53,96.99,1.44,21,23,-2,44
96.04,96.52,96.97,2.55,22,20,2,42
96.11,96.59,96.98,2.64,21,20,1,41
96.01,96.49,96.98,2.74,21,20,1,41
95.62,96.1,96.5,2.74,21,20,1,41
95.33,95.81,96.35,2.55,21,20,1,41
95.31,95.77,96.2,3.58,23,20,3,43
95.2,95.66,96.11,2.85,24,20,4,44
95.48,95.94,96.4,2.97,26,17,9,43
95.4,95.85,96.33,13.03,28,15,13,43
95.66,96.16,96.63,13,28,14,14,42
96.19,96.66,97.12,13.18,26,15,11,41
96.43,96.89,97.38,12.31,27,17,10,44
96.87,97.34,97.8,12.44,27,17,10,44
96.73,97.2,97.73,11.31,20,23,-3,43
96.61,97.07,97.53,11.09,19,25,-6,44
96.6,97.07,97.6,11.01,18,25,-7,43
96.55,97.01,97.48,10.15,18,28,-10,46
96.64,97.11,97.57,10.08,18,27,-9,45
96.73,97.2,97.68,10.67,18,24,-6,42
96.73,97.2,97.62,10.68,19,23,-4,42
96.84,97.32,97.76,10.7,19,23,-4,42
96.83,97.32,97.77,9.68,17,26,-9,43
96.78,97.25,97.81,9.68,17,26,-9,43
96.86,97.26,97.81,8.18,16,26,-10,42
96.85,97.32,97.79,8.18,16,26,-10,42
96.83,97.32,97.78,8.18,16,26,-10,42
96.83,97.3,97.74,7.68,16,25,-9,41
96.8,97.24,97.8,7.68,16,25,-9,41
96.82,97.3,97.8,8.68,16,25,-9,41
96.74,97.24,97.74,8.68,16,25,-9,41
96.72,97.21,97.69,9.68,16,25,-9,41
96.77,97.25,97.62,9.68,16,25,-9,41
96.79,97.22,97.62,9.68,16,25,-9,41
96.79,97.27,97.62,8.68,16,25,-9,41
96.78,97.26,97.62,8.68,16,25,-9,41
96.77,97.24,97.62,8.65,15,25,-10,40
96.74,97.2,97.67,8.65,15,25,-10,40
96.75,97.2,97.67,8.65,15,25,-10,40
96.78,97.27,97.67,8.65,15,25,-10,40
96.7,97.18,97.63,8.65,15,25,-10,40
96.58,97.05,97.59,8.67,16,24,-8,40
96.51,96.99,97.44,8.67,17,24,-7,41
96.9,97.4,97.83,8.77,18,23,-5,41
96.79,97.26,97.7,9.77,18,23,-5,41
96.75,97.23,97.66,9.52,16,25,-9,41
96.8,97.28,97.76,9.52,16,25,-9,41
96.92,97.38,97.84,9.52,16,25,-9,41
96.92,97.39,97.9,10.01,17,26,-9,43
96.97,97.45,97.91,10.01,17,26,-9,43
96.89,97.36,97.84,10.01,17,26,-9,43
96.99,97.46,97.93,10.02,18,25,-7,43
96.76,97.25,97.75,10.02,18,25,-7,43
96.68,97.18,97.65,10.5,17,27,-10,44
96.61,97.09,97.57,10.51,17,26,-9,43
96.99,97.47,97.95,9.21,17,28,-11,45
96.86,97.35,97.87,8.91,18,26,-8,44
96.11,96.58,97.09,9.11,19,26,-7,45
96.06,96.54,96.99,9.36,17,22,-5,39
96.01,96.51,97.02,8.12,16,25,-9,41
95.94,96.43,96.94,9.86,18,20,-2,38
95.75,96.24,96.77,10.05,19,20,-1,39
95.89,96.39,96.89,9.37,20,21,-1,41
95.72,96.21,96.78,11.42,22,19,3,41
95.89,96.39,96.92,11.11,25,20,5,45
95.84,96.36,96.89,13.02,23,19,4,42
95.84,96.37,96.88,12.45,22,20,2,42
95.74,96.27,96.78,17.47,24,19,5,43
95.81,96.35,96.88,17.47,24,19,5,43
95.81,96.33,96.83,17.32,24,19,5,43
95.87,96.39,96.83,17.32,24,19,5,43
95.91,96.44,96.96,16.42,23,19,4,42
95.95,96.46,96.96,16.41,23,19,4,42
95.83,96.35,96.9,16.41,23,19,4,42
95.79,96.37,96.84,16.41,23,19,4,42
95.76,96.28,96.8,16.41,23,19,4,42
95.8,96.31,96.86,16.41,23,19,4,42
95.94,96.4,96.96,16.32,23,19,4,42
95.94,96.48,97.01,16.32,23,19,4,42
96.08,96.61,97.09,16.27,22,19,3,41
96.17,96.68,97.22,15.74,21,20,1,41
96.11,96.65,97.17,15.34,21,20,1,41
96.15,96.69,97.17,15.34,21,20,1,41
96.09,96.61,97.1,15.34,21,20,1,41
96.09,96.61,97.1,15.34,21,20,1,41
96.08,96.59,97.14,15.34,21,20,1,41
96.15,96.66,97.17,14.34,21,21,0,42
96.09,96.66,97.13,9.34,20,21,-1,41
96,96.49,97.03,9.33,19,21,-2,40
95.97,96.5,96.98,9.33,19,21,-2,40
95.98,96.47,97.14,9.37,20,20,0,40
95.85,96.38,96.93,9.36,19,20,-1,39
95.99,96.49,97,15.37,21,19,2,40
95.98,96.5,97.03,15.47,22,19,3,41
96,96.5,97.04,15.44,22,20,2,42
96.07,96.58,97.16,15.46,23,20,3,43
96.15,96.67,97.19,10.35,20,20,0,40
96.24,96.76,97.27,10.3,19,20,-1,39
96.29,96.81,97.31,9.85,19,20,-1,39
96.04,96.55,97.03,9.55,19,21,-2,40
95.98,96.5,97.04,10.65,20,20,0,40
95.95,96.47,96.92,9.46,20,23,-3,43
96.39,96.89,97.38,11.31,21,21,0,42
96.28,96.78,97.3,10.49,21,20,1,41
96.42,96.93,97.45,11.73,21,20,1,41
96.3,96.81,97.35,11.68,21,20,1,41
96.37,96.87,97.45,11.63,21,20,1,41
96.19,96.72,97.25,10.41,22,23,-1,45
95.72,96.25,96.78,10.15,23,23,0,46
95.57,96.11,96.66,10.67,23,20,3,43
95.69,96.24,96.76,12.76,23,18,5,41
95.74,96.27,96.83,13.43,23,18,5,41
95.72,96.27,96.85,13.43,23,18,5,41
95.69,96.25,96.81,13.66,23,19,4,42
95.76,96.29,96.87,13.62,23,20,3,43
95.78,96.33,96.92,13.47,22,22,0,44
95.8,96.35,96.91,13.47,22,22,0,44
95.77,96.33,96.87,13.47,22,22,0,44
95.76,96.31,96.87,13.31,21,21,0,42
95.81,96.34,96.87,13.31,21,21,0,42
95.76,96.3,96.87,17.71,22,21,1,43
95.87,96.41,96.97,17.71,22,21,1,43
95.8,96.35,96.91,17.71,22,21,1,43
95.81,96.39,96.92,17.71,22,21,1,43
95.76,96.3,96.88,17.71,22,21,1,43
95.7,96.24,96.88,17.71,22,21,1,43
95.69,96.24,96.88,17.71,22,21,1,43
95.76,96.3,96.88,17.71,22,21,1,43
95.73,96.28,96.88,17.71,22,21,1,43
95.69,96.26,96.8,17.71,22,21,1,43
95.65,96.18,96.76,17.71,22,21,1,43
95.65,96.2,96.76,17.71,22,21,1,43
95.63,96.17,96.69,17.71,22,21,1,43
95.55,96.11,96.69,17.71,22,21,1,43
95.64,96.17,96.69,15.71,22,22,0,44
95.62,96.15,96.73,15.71,22,22,0,44
95.56,96.1,96.73,15.76,23,21,2,44
95.52,96.09,96.64,15.76,23,21,2,44
95.57,96.12,96.67,17.91,23,20,3,43
95.6,96.14,96.72,17.92,23,21,2,44
95.81,96.36,96.91,17.92,23,21,2,44
95.69,96.24,96.73,15.8,23,21,2,44
95.61,96.13,96.67,15.82,23,21,2,44
95.43,95.98,96.5,15.82,23,21,2,44
95.35,95.88,96.47,15.96,25,19,6,44
95.41,95.97,96.51,19.01,26,19,7,45
95.59,96.13,96.63,16.06,27,19,8,46
95.31,95.85,96.34,15.96,26,20,6,46
95.33,95.88,96.4,15.76,25,22,3,47
95.48,96.02,96.56,12.2,23,20,3,43
95.46,96,96.52,12.14,24,19,5,43
95.44,95.96,96.48,14.38,23,19,4,42
95.66,96.19,96.72,14.4,23,18,5,41
96.34,96.87,97.38,13.8,21,22,-1,43
96.73,97.25,97.77,12.34,18,21,-3,39
96.81,97.35,97.85,11.51,15,24,-9,39
96.84,97.37,97.86,11.42,14,25,-11,39
96.74,97.28,97.8,9.08,13,29,-16,42
96.78,97.32,97.86,8.69,14,29,-15,43
97.01,97.57,98.09,7.6,13,28,-15,41
96.91,97.46,97.97,8.77,15,28,-13,43
96.98,97.52,98.04,7.81,12,30,-18,42
96.98,97.54,98.08,1.8,12,32,-20,44
97.02,97.54,98.08,1.8,12,32,-20,44
97,97.57,98.08,1.25,12,33,-21,45
97.03,97.54,98.05,1.25,12,33,-21,45
96.89,97.43,98.05,1.25,12,33,-21,45
96.94,97.48,97.99,-4.25,12,32,-20,44
96.86,97.39,97.99,-4.25,12,32,-20,44
96.88,97.41,97.92,-4.25,12,32,-20,44
96.91,97.49,98,-4.25,12,32,-20,44
96.9,97.45,98,-4.25,12,32,-20,44
96.89,97.43,97.9,-4.25,12,32,-20,44
96.9,97.44,97.9,-4.25,12,32,-20,44
96.87,97.41,97.9,-4.2,12,32,-20,44
96.87,97.43,97.9,-4.2,12,32,-20,44
96.85,97.42,97.94,-4.1,12,31,-19,43
96.92,97.46,97.94,-4.1,12,31,-19,43
96.87,97.4,97.92,-4.1,12,31,-19,43
96.91,97.44,98.01,-4.1,12,31,-19,43
96.91,97.44,98.01,-4,12,30,-18,42
96.91,97.45,97.95,-4.5,12,31,-19,43
96.88,97.42,97.95,-4.61,12,31,-19,43
96.88,97.42,97.95,-4.61,12,31,-19,43
96.78,97.33,97.82,-4.61,12,31,-19,43
96.77,97.31,97.8,-4.5,13,30,-17,43
96.8,97.35,97.79,-4.55,13,30,-17,43
96.69,97.22,97.72,-4.9,13,31,-18,44
96.79,97.3,97.83,-4.9,13,31,-18,44
97.01,97.56,98.07,-4.9,13,31,-18,44
97.32,97.85,98.32,-4.35,15,30,-15,45
97.32,97.85,98.38,-5.73,15,30,-15,45
97.22,97.77,98.28,-5.25,15,31,-16,46
97.31,97.84,98.36,-5.75,15,32,-17,47
97.73,98.26,98.71,1.26,16,31,-15,47
97.69,98.23,98.68,-1.12,15,31,-16,46
97.41,97.93,98.43,-8.24,13,35,-22,48
97.48,98.01,98.52,-8.37,15,34,-19,49
97.56,98.08,98.57,-8.87,14,34,-20,48
97.58,98.12,98.6,-7.02,18,33,-15,51
97.25,97.78,98.31,-6.92,19,33,-14,52
97.33,97.86,98.37,-8.76,17,35,-18,52
97.5,98.04,98.56,-6.33,18,34,-16,52
97.47,98,98.48,-6.14,18,34,-16,52
97.48,98.01,98.5,-8.3,17,34,-17,51
97.56,98.11,98.64,-8.3,17,34,-17,51
97.48,98.05,98.57,-8.35,16,35,-19,51
97.48,98.05,98.57,-7.63,15,35,-20,50
97.46,98.02,98.52,-7.05,16,33,-17,49
97.44,98.02,98.53,-6.55,16,32,-16,48
97.44,98,98.5,-6.55,16,32,-16,48
97.5,98.05,98.54,-6.55,16,32,-16,48
97.57,98.14,98.63,-6.55,16,33,-17,49
97.58,98.13,98.62,-7.55,14,33,-19,47
97.6,98.15,98.65,-7.57,14,33,-19,47
97.57,98.13,98.65,-7.62,13,33,-20,46
97.6,98.15,98.65,-7.62,13,33,-20,46
97.59,98.14,98.65,-7.62,13,33,-20,46
97.59,98.13,98.65,-7.62,13,33,-20,46
97.62,98.17,98.65,-7.62,13,33,-20,46
97.6,98.12,98.65,-7.62,13,33,-20,46
97.53,98.07,98.61,-5.62,13,33,-20,46
97.59,98.13,98.62,4.38,13,32,-19,45
97.62,98.17,98.66,4.38,13,32,-19,45
97.64,98.17,98.68,4.38,13,32,-19,45
97.61,98.14,98.68,4.38,13,32,-19,45
97.6,98.14,98.63,4.43,13,32,-19,45
97.59,98.14,98.6,4.43,13,32,-19,45
97.61,98.16,98.63,4.08,13,32,-19,45
97.53,98.08,98.56,3.93,13,32,-19,45
97.64,98.18,98.68,3.93,13,32,-19,45
97.59,98.16,98.7,-6.07,13,33,-20,46
97.66,98.22,98.68,-6.07,13,33,-20,46
97.62,98.18,98.67,-6.07,13,33,-20,46
97.61,98.16,98.64,-6.07,13,33,-20,46
97.64,98.18,98.67,-6.14,13,34,-21,47
97.64,98.18,98.67,-6.14,13,34,-21,47
97.63,98.2,98.67,-6.06,14,33,-19,47
97.7,98.24,98.72,-6.01,14,33,-19,47
97.93,98.47,98.95,-6.01,14,33,-19,47
97.85,98.4,98.86,-5.92,15,33,-18,48
97.76,98.3,98.79,-5.46,16,33,-17,49
98.02,98.57,99.08,-5.46,16,33,-17,49
97.89,98.45,98.92,-6.95,15,32,-17,47
97.73,98.3,98.78,-7,15,32,-17,47
97.76,98.31,98.8,-7.6,14,34,-20,48
97.34,97.89,98.4,-32.79,13,39,-26,52
97.42,97.97,98.5,-2.7,13,35,-22,48
97.44,98,98.47,-22.38,15,33,-18,48
97.41,97.95,98.45,-1.85,15,30,-15,45
97.5,98.04,98.55,-2.67,13,32,-19,45
97.49,98.04,98.57,-1.12,14,31,-17,45
97.24,97.8,98.31,-1.08,14,32,-18,46
97.03,97.62,98.16,-3.48,13,33,-20,46
97.04,97.62,98.17,1.29,17,27,-10,44
97.1,97.68,98.2,0.82,15,26,-11,41
97.14,97.72,98.29,0.81,14,27,-13,41
97.16,97.73,98.25,-0.59,14,28,-14,42
97.18,97.75,98.25,-0.56,14,28,-14,42
97.2,97.79,98.3,-0.51,14,28,-14,42
97.16,97.72,98.22,-0.44,14,27,-13,41
97.13,97.73,98.25,-0.44,14,27,-13,41
97.14,97.72,98.23,-0.44,14,27,-13,41
97.11,97.7,98.23,-0.44,14,27,-13,41
97.15,97.72,98.25,-0.44,14,27,-13,41
97.18,97.75,98.27,-0.44,14,27,-13,41
97.23,97.8,98.3,-0.44,14,27,-13,41
97.19,97.78,98.3,-1.04,13,27,-14,40
97.15,97.73,98.3,-1.04,13,27,-14,40
97.13,97.73,98.25,-1.04,13,27,-14,40
97.14,97.72,98.25,-1.04,13,27,-14,40
97.12,97.71,98.29,-1.04,13,27,-14,40
97.15,97.73,98.23,-1.04,13,27,-14,40
97.15,97.73,98.23,-1.03,14,26,-12,40
97.17,97.74,98.23,-1.03,14,26,-12,40
97.12,97.7,98.28,-1.03,14,26,-12,40
96.95,97.57,98.07,-1.08,14,26,-12,40
97.07,97.63,98.12,0.41,14,27,-13,41
97.22,97.81,98.3,0.41,14,27,-13,41
97.36,97.96,98.48,-0.09,14,28,-14,42
97.28,97.87,98.38,0.43,14,27,-13,41
97.21,97.8,98.32,0.41,14,27,-13,41
97,97.61,98.11,0.4,14,27,-13,41
96.95,97.54,98.05,5.24,13,29,-16,42
96.87,97.45,97.99,0.25,14,28,-14,42
96.92,97.51,98.05,0.75,14,27,-13,41
97.03,97.62,98.17,0.75,14,27,-13,41
97.1,97.69,98.24,0.76,14,26,-12,40
97.18,97.77,98.29,0.75,14,27,-13,41
97.26,97.83,98.37,0.75,14,27,-13,41
97.4,97.98,98.5,20.79,16,28,-12,44
97.57,98.15,98.65,0.29,15,29,-14,44
97.48,98.07,98.58,-0.23,13,31,-18,44
97.39,97.98,98.48,-0.63,14,32,-18,46
97.43,98.01,98.49,-0.02,13,31,-18,44
97.69,98.26,98.75,-34.72,13,32,-19,45
97.43,98.01,98.51,-33.92,15,30,-15,45
97.34,97.92,98.41,-35.22,14,31,-17,45
97.33,97.91,98.42,-36.32,15,32,-17,47
97.31,97.92,98.41,-36.32,15,32,-17,47
97.3,97.9,98.41,-36.32,15,32,-17,47
97.28,97.87,98.43,-36.32,15,32,-17,47
97.38,97.95,98.45,-36.32,15,32,-17,47
97.39,97.96,98.45,-36.32,15,32,-17,47
97.29,97.85,98.35,-36.52,15,32,-17,47
97.3,97.87,98.35,-36.52,15,32,-17,47
97.35,97.88,98.38,-36.52,15,32,-17,47
97.34,97.91,98.43,-36.52,15,32,-17,47
97.34,97.91,98.43,-36.52,15,32,-17,47
97.32,97.9,98.43,-36.52,15,32,-17,47
97.32,97.9,98.43,-36.52,15,32,-17,47
97.28,97.84,98.32,-36.52,15,32,-17,47
97.34,97.88,98.4,-36.52,15,32,-17,47
97.32,97.9,98.45,-36.52,15,32,-17,47
97.39,97.97,98.5,-36.52,15,32,-17,47
97.45,98.03,98.55,-36.52,15,32,-17,47
97.4,97.97,98.52,-36.54,15,33,-18,48
97.36,97.94,98.44,-36.54,15,33,-18,48
97.32,97.89,98.45,-36.54,15,33,-18,48
97.31,97.88,98.4,-1.84,15,32,-17,47
97.36,97.92,98.4,-1.84,15,32,-17,47
97.22,97.79,98.36,-1.85,15,32,-17,47
97.23,97.78,98.31,-1.85,15,32,-17,47
97.17,97.75,98.3,-1.85,15,32,-17,47
97.19,97.75,98.26,-1.8,15,32,-17,47
97.08,97.65,98.16,-1.79,15,32,-17,47
96.99,97.57,98.09,-1.67,15,30,-15,45
96.85,97.42,97.9,-0.66,15,28,-13,43
96.85,97.43,97.96,-0.26,14,28,-14,42
96.82,97.4,97.94,-0.06,15,28,-13,43
96.83,97.41,97.92,0.08,16,28,-12,44
96.73,97.31,97.8,0.08,16,28,-12,44
96.86,97.43,97.95,0.01,16,29,-13,45
96.83,97.42,97.96,0.31,17,28,-11,45
96.68,97.25,97.81,0.31,16,27,-11,43
96.61,97.19,97.75,0.31,16,27,-11,43
96.85,97.44,97.99,-0.27,15,27,-12,42
95.79,96.36,96.85,2.26,16,23,-7,39
95.6,96.14,96.68,3.62,18,21,-3,39
95.43,95.97,96.47,13.78,21,19,2,40
95.58,96.15,96.66,15.8,26,18,8,44
95.57,96.13,96.66,14.82,25,17,8,42
95.54,96.08,96.6,19.2,27,17,10,44
95.5,96.05,96.58,14.47,28,17,11,45
95.62,96.17,96.7,14.47,28,17,11,45
95.78,96.33,96.85,20.87,29,16,13,45
95.53,96.08,96.61,20.87,29,16,13,45
95.94,96.49,97,17.63,27,16,11,43
95.89,96.42,96.95,17.58,26,17,9,43
95.88,96.43,96.94,17.12,26,16,10,42
95.95,96.48,97,15.12,24,16,8,40
95.95,96.48,96.96,15.12,24,16,8,40
95.97,96.49,96.98,15.12,24,16,8,40
96.08,96.61,97.11,13.12,24,16,8,40
95.56,96.08,96.57,12.12,23,16,7,39
95.63,96.16,96.67,12.12,23,16,7,39
95.75,96.27,96.73,11.62,23,15,8,38
95.77,96.29,96.76,11.62,23,15,8,38
95.72,96.25,96.75,11.62,23,15,8,38
95.66,96.19,96.68,11.62,23,15,8,38
95.62,96.15,96.65,11.62,23,15,8,38
95.62,96.16,96.65,11.62,23,15,8,38
95.65,96.17,96.67,11.62,23,15,8,38
95.64,96.15,96.67,11.62,23,15,8,38
95.65,96.18,96.67,11.47,22,16,6,38
95.61,96.13,96.65,11.47,22,16,6,38
95.65,96.17,96.67,11.47,22,16,6,38
95.66,96.19,96.69,11.47,22,16,6,38
95.69,96.21,96.69,11.47,22,16,6,38
95.58,96.11,96.69,11.52,23,15,8,38
95.6,96.12,96.61,11.52,23,15,8,38
95.57,96.08,96.61,11.52,23,15,8,38
95.62,96.15,96.65,13.52,23,15,8,38
95.61,96.14,96.62,13.52,23,15,8,38
95.7,96.19,96.69,13.42,22,16,6,38
95.62,96.1,96.61,13.42,22,16,6,38
95.64,96.12,96.61,13.42,22,16,6,38
95.57,96.07,96.58,13.42,22,16,6,38
95.62,96.13,96.57,13.42,22,16,6,38
95.66,96.16,96.67,13.49,23,15,8,38
95.67,96.18,96.67,13.49,23,15,8,38
95.67,96.18,96.69,13.49,23,15,8,38
95.6,96.11,96.59,13.53,24,15,9,39
95.86,96.36,96.87,13.49,23,15,8,38
95.83,96.33,96.82,13.49,23,15,8,38
95.69,96.19,96.66,13.48,23,17,6,40
95.67,96.15,96.67,13.47,23,17,6,40
95.7,96.21,96.7,13.47,23,17,6,40
95.58,96.08,96.57,13.42,23,17,6,40
95.34,95.81,96.31,13.41,23,18,5,41
95.41,95.89,96.4,13.53,25,17,8,42
95.51,96.03,96.38,13.66,25,15,10,40
95.55,95.96,96.45,13.69,25,15,10,40
95.38,95.9,96.43,13.67,24,16,8,40
95.41,95.93,96.34,13.67,24,16,8,40
95.47,95.99,96.45,13.67,24,16,8,40
95.54,96.05,96.45,13.67,24,16,8,40
95.59,96.1,96.65,13.65,23,16,7,39
95.71,96.21,96.7,13.65,23,16,7,39
95.7,96.2,96.69,13.65,23,16,7,39
95.57,96.08,96.59,13.65,23,16,7,39
95.59,96.09,96.58,13.65,23,16,7,39
95.6,96.09,96.58,13.65,23,16,7,39
95.55,96.05,96.57,13.6,23,16,7,39
95.47,95.97,96.46,13.6,23,16,7,39
95.53,96.03,96.53,13.55,23,16,7,39
95.49,95.99,96.48,13.55,23,16,7,39
95.43,95.91,96.41,13.55,23,16,7,39
95.38,95.87,96.37,13.55,23,16,7,39
95.42,95.92,96.35,13.57,24,15,9,39
95.36,95.86,96.36,13.62,24,15,9,39
95.46,95.95,96.41,13.62,24,15,9,39
95.36,95.85,96.35,13.67,24,15,9,39
95.42,95.92,96.4,13.67,24,15,9,39
95.47,95.96,96.47,13.67,24,15,9,39
95.48,95.98,96.46,13.67,24,15,9,39
95.43,95.92,96.4,13.67,24,15,9,39
95.43,95.93,96.41,13.67,24,15,9,39
95.4,95.9,96.37,13.67,24,15,9,39
95.59,96.08,96.53,13.67,24,15,9,39
95.61,96.1,96.57,13.67,24,15,9,39
95.93,96.43,96.86,13.67,24,15,9,39
95.86,96.36,96.81,13.67,24,15,9,39
95.76,96.26,96.73,13.67,24,15,9,39
95.8,96.3,96.75,12.67,23,15,8,38
95.55,96.06,96.52,12.67,23,15,8,38
95.63,96.14,96.58,12.67,23,15,8,38
95.79,96.29,96.75,12.67,23,15,8,38
95.79,96.3,96.74,12.67,23,15,8,38
95.72,96.23,96.67,12.67,23,15,8,38
95.91,96.39,96.84,12.67,23,15,8,38
95.97,96.45,96.88,12.67,23,15,8,38
95.95,96.44,96.89,12.67,23,15,8,38
96.67,97.11,97.54,12.67,23,15,8,38
96.41,96.86,97.29,12.68,23,14,9,37
96.66,97.09,97.55,12.68,23,14,9,37
96.65,97.11,97.54,12.68,23,14,9,37
96.71,97.14,97.6,12.68,23,14,9,37
96.7,97.11,97.56,12.68,23,14,9,37
96.66,97.1,97.54,12.68,24,14,10,38
96.7,97.13,97.57,12.68,24,14,10,38
96.64,97.07,97.57,12.68,24,14,10,38
96.72,97.14,97.58,12.68,24,14,10,38
96.7,97.13,97.56,12.68,24,14,10,38
96.78,97.2,97.67,12.68,24,14,10,38
96.75,97.18,97.6,12.68,24,14,10,38
96.71,97.14,97.58,13,23,13,10,36
96.64,97.08,97.5,13,23,13,10,36
96.74,97.14,97.61,13,23,13,10,36
96.7,97.11,97.61,13,23,13,10,36
96.61,97.01,97.45,13,23,13,10,36
96.59,97.02,97.45,13,23,13,10,36
96.68,97.1,97.45,13,23,13,10,36
96.8,97.2,97.64,13,23,13,10,36
96.82,97.23,97.67,13,23,13,10,36
96.71,97.14,97.59,13,23,13,10,36
96.66,97.07,97.51,13,23,13,10,36
96.75,97.15,97.58,13,23,13,10,36
96.76,97.19,97.62,13,23,13,10,36
96.99,97.41,97.86,13,23,13,10,36
96.89,97.25,97.71,13,23,13,10,36
96.87,97.28,97.7,13,23,13,10,36
96.99,97.36,97.82,13,23,13,10,36
97.07,97.44,97.89,13,23,13,10,36
96.94,97.29,97.75,13,23,13,10,36
96.55,97,97.39,13,23,13,10,36
96.79,97.2,97.67,13,23,13,10,36
96.5,96.9,97.35,13,23,13,10,36
96.51,96.97,97.42,13,23,13,10,36
96.8,97.23,97.68,13,23,13,10,36
96.6,97.02,97.45,13,23,13,10,36
96.18,96.57,97.02,13,23,13,10,36
95.55,95.94,96.41,13,23,13,10,36
94.74,95.06,95.53,13,23,13,10,36
94.52,95,95.47,13,23,13,10,36
94.64,94.94,95.39,13,23,13,10,36
94.4,94.74,95.21,13,23,13,10,36
94.21,94.59,95.04,13,23,13,10,36
94.35,94.74,95.18,13,23,13,10,36
94.85,95.2,95.64,13,23,13,10,36
94.8,95.23,95.62,1.16,10,7,3,17
94.81,95.21,95.62,1.16,10,7,3,17
94.67,95.16,95.53,1.16,10,7,3,17
94.62,95.05,95.53,1.16,10,7,3,17
94.7,95.12,95.41,1.16,10,7,3,17
94.67,95.03,95.48,1.16,10,7,3,17
94.61,95.09,95.47,1.16,10,7,3,17
94.44,94.86,95.28,1.16,10,7,3,17
94.4,94.83,95.23,-13.94,9,9,0,18
94.32,94.73,95.14,-14.86,8,8,0,16
94.4,94.86,95.19,-14.76,8,7,1,15
94.45,94.85,95.31,-14.76,8,7,1,15
94.39,94.81,95.18,-14.76,8,7,1,15
94.51,94.92,95.26,-14.76,8,7,1,15
94.42,94.84,95.3,-9.61,11,7,4,18
94.37,94.8,95.19,-9.21,13,7,6,20
93.93,94.41,94.79,-9.31,12,7,5,19
93.71,94.16,94.59,6.04,13,5,8,18
93.79,94.26,94.63,5.46,12,6,6,18
93.91,94.37,94.79,5.66,12,5,7,17
94.11,94.58,94.99,5.76,12,5,7,17
93.88,94.32,94.76,5.46,11,6,5,17
93.8,94.26,94.67,4.42,12,8,4,20
93.97,94.42,94.84,5.29,13,9,4,22
93.78,94.24,94.65,5.59,14,8,6,22
93.97,94.42,94.82,5.6,15,7,8,22
93.78,94.23,94.64,7.22,16,5,11,21
93.58,93.99,94.35,4.88,15,6,9,21
93.05,93.53,93.94,6.44,13,8,5,21
92.82,93.28,93.66,5.97,12,8,4,20
93.06,93.52,93.93,5.96,14,7,7,21
93.02,93.49,93.9,5.98,12,5,7,17
93.29,93.79,94.2,11.03,13,5,8,18
92.94,93.39,93.79,6.31,12,5,7,17
93.06,93.54,93.94,6.64,13,8,5,21
93.02,93.45,93.86,6.95,13,7,6,20
93.15,93.6,93.99,6.75,12,8,4,20
92.93,93.37,93.79,7.31,12,7,5,19
92.78,93.23,93.6,7.64,12,6,6,18
92.93,93.35,93.73,7.62,14,5,9,19
93.07,93.51,93.87,7.37,12,7,5,19
92.91,93.34,93.71,7.37,12,7,5,19
92.96,93.39,93.81,7.37,12,7,5,19
92.97,93.41,93.8,7.37,12,7,5,19
92.91,93.38,93.8,7.37,12,7,5,19
93.03,93.43,93.83,7.37,12,7,5,19
93.04,93.45,93.83,8.37,13,7,6,20
92.98,93.43,93.82,8.37,13,7,6,20
92.95,93.37,93.79,8.37,13,7,6,20
93.05,93.47,93.81,8.37,13,7,6,20
93.07,93.49,93.82,8.37,13,7,6,20
93.25,93.69,94.05,7.37,12,7,5,19
93.22,93.61,94.04,7.41,12,6,6,18
93.25,93.68,94.05,7.41,12,6,6,18
93.32,93.74,94.1,7.41,12,6,6,18
93.23,93.64,94,7.41,12,6,6,18
93.23,93.66,94.03,7.4,11,6,5,17
93.16,93.59,93.96,7.4,11,6,5,17
93.14,93.53,93.9,7.35,11,6,5,17
93.18,93.58,93.95,7.35,11,6,5,17
93.08,93.5,93.9,7.25,11,6,5,17
93.13,93.51,93.88,7.25,11,6,5,17
93.13,93.55,93.88,7.25,11,6,5,17
93.3,93.74,94.1,7.4,11,6,5,17
93.4,93.83,94.2,7.4,11,6,5,17
93.21,93.63,94.01,7.42,12,6,6,18
93.15,93.61,93.99,7.42,12,6,6,18
92.97,93.38,93.76,7.42,12,6,6,18
93.05,93.47,93.85,7.52,12,6,6,18
93.01,93.45,93.83,7.52,12,6,6,18
92.98,93.41,93.86,2.49,10,7,3,17
93.13,93.48,93.93,2.39,10,7,3,17
93.19,93.63,94,2.36,10,8,2,18
93.14,93.57,93.97,3.26,12,9,3,21
92.76,93.17,93.57,3.26,12,9,3,21
92.89,93.3,93.7,3.3,13,8,5,21
92.79,93.2,93.59,3.64,13,6,7,19
92.65,93.07,93.48,1.69,13,8,5,21
92.79,93.22,93.6,-3.01,13,7,6,20
92.64,93.06,93.46,9.73,15,5,10,20
92.75,93.19,93.59,5.56,16,5,11,21
92.93,93.37,93.77,5.57,15,7,8,22
93.11,93.56,93.95,6.67,15,6,9,21
92.9,93.34,93.73,5.86,14,6,8,20
92.94,93.37,93.75,5.82,14,5,9,19
93.15,93.58,93.97,5.81,14,5,9,19
93.16,93.59,93.99,5.69,12,5,7,17
93.22,93.65,94.06,5.69,12,5,7,17
93.4,93.84,94.24,10.7,12,5,7,17
93.32,93.76,94.2,10.6,11,5,6,16
93.33,93.76,94.18,10.59,10,5,5,15
93.36,93.71,94.09,10.59,10,5,5,15
93.3,93.61,94.03,10.59,10,5,5,15
93.27,93.7,94.1,20.99,11,5,6,16
93.18,93.61,94,20.99,11,5,6,16
93.14,93.58,93.95,19.79,10,6,4,16
93.17,93.56,93.99,19.79,10,6,4,16
93.01,93.5,93.87,19.79,10,6,4,16
93.01,93.45,93.85,19.78,9,6,3,15
93.03,93.5,93.89,19.67,9,7,2,16
93.03,93.46,93.88,19.67,9,7,2,16
93.02,93.49,93.88,20.47,9,6,3,15
93.07,93.49,93.9,18.57,8,6,2,14
93.04,93.5,93.91,18.57,8,6,2,14
93.06,93.51,93.94,18.57,8,6,2,14
93.13,93.58,93.94,20.6,10,6,4,16
93.1,93.57,93.94,20.65,11,6,5,17
93.13,93.59,93.94,20.62,10,6,4,16
93.11,93.62,94.09,15.67,11,6,5,17
93.27,93.73,94.1,15.67,11,6,5,17
93.49,93.93,94.33,15.68,12,5,7,17
93.45,93.89,94.26,13.52,10,6,4,16
93.62,94.08,94.47,14.39,12,8,4,20
93.62,94.05,94.5,17.52,14,6,8,20
93.86,94.37,94.69,16.62,13,5,8,18
93.97,94.44,94.81,17.62,14,5,9,19
94.16,94.6,95.1,16.72,12,5,7,17
94.22,94.67,95.08,16.76,12,5,7,17
94.18,94.6,95.02,16.76,12,5,7,17
94.15,94.6,94.94,16.43,11,8,3,19
94.1,94.55,94.96,16.3,10,8,2,18
93.93,94.39,94.78,9.31,11,8,3,19
93.6,94.06,94.48,8.29,10,10,0,20
93.5,93.96,94.39,8.29,11,11,0,22
93.2,93.65,94.09,9.76,13,10,3,23
92.99,93.47,93.85,11.07,14,7,7,21
93.29,93.74,94.15,13.32,16,6,10,22
92.96,93.41,93.81,12.54,16,5,11,21
93.28,93.72,94.13,12.29,16,7,9,23
93.3,93.72,94.11,12.83,16,6,10,22
93.2,93.61,93.96,12.79,17,7,10,24
92.95,93.4,93.77,12.78,17,7,10,24
93.1,93.52,93.9,12.33,15,8,7,23
93.08,93.48,93.92,12.36,16,8,8,24
92.95,93.37,93.78,7.26,15,9,6,24
92.32,92.74,93.14,7.26,15,9,6,24
92.14,92.53,92.94,5.2,13,9,4,22
92.09,92.51,92.93,6.05,16,10,6,26
92.18,92.6,92.95,6.18,16,10,6,26
92.08,92.53,92.89,6.89,17,9,8,26
92.08,92.51,92.86,6.88,16,9,7,25
92.24,92.65,93,6.9,17,8,9,25
92.31,92.72,93.1,6.87,18,7,11,25
92.47,92.87,93.12,6.87,18,7,11,25
92.55,92.92,93.33,6.97,19,7,12,26
92.63,93.05,93.42,6.98,19,6,13,25
92.53,92.95,93.42,7,18,6,12,24
92.59,92.97,93.42,6.7,17,6,11,23
92.59,93.03,93.34,6.4,17,7,10,24
92.49,93.03,93.34,6.26,16,7,9,23
92.52,92.94,93.34,6.26,16,7,9,23
92.41,92.85,93.24,6.31,17,6,11,23
92.35,92.79,93.1,7.29,17,6,11,23
92.35,92.66,93.09,7.29,17,6,11,23
92.45,92.88,93.26,7.29,17,6,11,23
92.1,92.51,92.9,7.29,17,6,11,23
92.32,92.73,93.08,7.34,17,6,11,23
92.34,92.75,93.13,6.34,17,6,11,23
92.35,92.77,93.15,6.34,17,6,11,23
92.34,92.73,93.15,6.34,17,6,11,23
92.47,92.87,93.25,6.31,16,7,9,23
92.33,92.77,93.15,7.31,16,7,9,23
92.31,92.71,93.12,6.74,16,7,9,23
92.48,92.92,93.29,6.69,16,7,9,23
92.2,92.63,93,7.14,17,5,12,22
92.41,92.86,93.18,4.84,15,6,9,21
92.53,92.94,93.34,4.34,14,6,8,20
92.34,92.78,93.24,4.91,15,5,10,20
92.45,92.83,93.23,4.91,15,5,10,20
92.96,93.39,93.79,6.19,15,5,10,20
93.11,93.53,93.89,8.53,14,7,7,21
92.77,93.19,93.55,10.07,16,6,10,22
92.85,93.25,93.65,19.14,13,7,6,20
92.42,92.83,93.32,17.42,12,11,1,23
92.39,92.81,93.21,11.54,10,9,1,19
92.46,92.89,93.27,11.59,13,8,5,21
92.63,93.05,93.48,11.59,13,8,5,21
92.31,92.74,93.11,11.46,13,8,5,21
92.4,92.83,93.23,11.36,12,8,4,20
92.64,93.05,93.43,11.36,12,8,4,20
92.52,92.93,93.31,11.36,12,8,4,20
92.5,92.91,93.27,11.36,12,8,4,20
92.63,93.01,93.38,11.36,12,8,4,20
92.65,93.05,93.41,11.36,12,8,4,20
92.65,93.1,93.41,11.28,11,9,2,20
92.73,93.13,93.41,11.28,11,9,2,20
92.77,93.16,93.41,11.28,11,9,2,20
92.76,93.16,93.41,11.28,11,9,2,20
92.76,93.19,93.58,11.28,11,9,2,20
92.73,93.21,93.56,11.28,11,9,2,20
92.67,93.03,93.53,11.28,11,9,2,20
92.78,93.27,93.61,11.28,11,9,2,20
92.8,93.25,93.63,11.28,11,9,2,20
92.87,93.29,93.66,11.28,11,9,2,20
92.87,93.28,93.66,11.28,11,9,2,20
92.64,93,93.41,16.28,11,9,2,20
92.65,93.07,93.42,16.28,11,9,2,20
92.66,93.08,93.45,16.28,11,9,2,20
92.65,93.04,93.4,16.28,11,9,2,20
92.74,93.16,93.48,15.98,11,10,1,21
92.76,93.24,93.54,16.23,11,10,1,21
92.77,93.17,93.55,16.23,11,10,1,21
92.92,93.31,93.68,16.23,11,10,1,21
92.97,93.34,93.69,5.22,9,10,-1,19
93,93.47,93.77,5.21,9,11,-2,20
92.93,93.34,93.72,5.51,9,10,-1,19
92.86,93.19,93.61,5.51,9,10,-1,19
92.89,93.3,93.59,5.51,9,10,-1,19
92.88,93.26,93.71,5.51,9,10,-1,19
92.84,93.24,93.61,5.51,9,10,-1,19
92.88,93.26,93.63,5.51,9,10,-1,19
92.87,93.28,93.63,5.51,9,10,-1,19
92.79,93.19,93.56,5.51,9,10,-1,19
92.83,93.23,93.59,5.46,9,11,-2,20
92.47,92.9,93.32,5.5,9,10,-1,19
92.35,92.76,93.14,5.31,9,11,-2,20
92.38,92.79,93.14,5.18,11,11,0,22
92.5,92.93,93.33,4.94,12,10,2,22
92.84,93.23,93.62,6.08,13,10,3,23
92.75,93.15,93.53,5.37,11,9,2,20
92.71,93.15,93.5,5.36,12,12,0,24
93.13,93.52,93.88,5.46,12,11,1,23
93.18,93.58,93.94,5.92,12,10,2,22
92.8,93.2,93.52,6.22,12,10,2,22
92.89,93.26,93.68,4.32,9,12,-3,21
92.79,93.18,93.56,5.32,11,12,-1,23
92.8,93.21,93.58,3.74,11,13,-2,24
92.79,93.19,93.55,4.8,13,12,1,25
92.87,93.27,93.65,4.8,13,12,1,25
92.84,93.25,93.61,4.97,12,11,1,23
92.84,93.25,93.62,4.97,12,11,1,23
92.85,93.26,93.62,4.77,11,11,0,22
92.85,93.26,93.58,4.77,11,11,0,22
92.95,93.27,93.58,4.77,11,11,0,22
93,93.36,93.58,5.32,10,11,-1,21
93.07,93.46,93.58,4.92,10,11,-1,21
93.07,93.46,93.58,4.82,9,11,-2,20
93.16,93.56,93.88,4.82,9,11,-2,20
93.08,93.52,93.83,4.82,9,11,-2,20
93.09,93.49,93.83,4.82,9,11,-2,20
93.12,93.51,93.86,4.82,9,11,-2,20
93.12,93.52,93.86,4.82,9,11,-2,20
93.1,93.5,93.87,4.82,9,11,-2,20
93.04,93.43,93.78,4.82,9,11,-2,20
93.02,93.4,93.75,4.82,9,11,-2,20
92.98,93.34,93.77,4.82,9,11,-2,20
92.84,93.25,93.64,4.75,10,12,-2,22
92.82,93.24,93.61,4.7,10,12,-2,22
92.57,93,93.32,4.71,11,12,-1,23
92.6,92.96,93.39,4.81,11,11,0,22
92.56,92.97,93.34,4.82,11,11,0,22
92.58,92.98,93.34,4.82,11,11,0,22
92.76,93.16,93.53,5.97,13,10,3,23
92.51,92.95,93.28,5.66,12,10,2,22
92.5,92.93,93.36,5.69,12,10,2,22
92.5,92.89,93.27,5.67,12,11,1,23
92.5,92.92,93.23,5.75,13,10,3,23
92.58,93.02,93.36,5.75,13,10,3,23
92.68,93.09,93.49,5.75,13,10,3,23
92.66,93.07,93.44,5.74,13,10,3,23
92.76,93.17,93.54,5.24,12,11,1,23
92.99,93.42,93.8,5.14,12,12,0,24
92.81,93.2,93.58,5.14,12,12,0,24
92.81,93.22,93.59,5.28,13,11,2,24
92.93,93.36,93.7,5.27,13,12,1,25
92.7,93.11,93.49,6.13,16,11,5,27
92.4,92.81,93.12,6.61,15,12,3,27
92.58,93,93.39,6.45,14,9,5,23
92.42,92.85,93.23,5.25,14,10,4,24
92.58,93,93.38,4.25,14,11,3,25
92.77,93.17,93.57,4.23,14,11,3,25
92.6,93.01,93.4,4.18,14,12,2,26
92.37,92.75,93.17,4.2,14,11,3,25
92.03,92.44,92.82,13.97,13,11,2,24
91.92,92.37,92.73,16.71,15,7,8,22
91.94,92.32,92.72,21.71,15,5,10,20
91.9,92.3,92.65,21.11,15,7,8,22
91.85,92.24,92.69,11.11,15,7,8,22
91.77,92.22,92.57,5.81,14,8,6,22
91.83,92.23,92.62,5.31,13,9,4,22
91.81,92.26,92.62,5.31,13,9,4,22
91.87,92.26,92.62,5.31,13,9,4,22
91.62,92.03,92.51,5.31,13,9,4,22
91.51,91.91,92.32,5.48,13,8,5,21
91.65,92.08,92.47,5.53,12,9,3,21
91.69,92.11,92.5,15.23,13,9,4,22
91.75,92.14,92.5,15.23,13,9,4,22
91.75,92.18,92.55,15.23,13,9,4,22
91.66,92.14,92.54,5.23,12,9,3,21
91.62,92.03,92.41,5.23,12,9,3,21
91.71,92.15,92.5,5.23,12,9,3,21
91.94,92.33,92.71,5.33,12,8,4,20
91.89,92.31,92.7,5.81,13,7,6,20
91.78,92.19,92.68,5.81,13,7,6,20
91.81,92.22,92.68,5.81,13,7,6,20
91.82,92.3,92.69,5.81,13,7,6,20
91.78,92.23,92.59,5.81,13,7,6,20
91.89,92.32,92.7,5.81,13,7,6,20
91.82,92.26,92.53,5.81,13,7,6,20
91.82,92.24,92.6,5.81,13,7,6,20
91.48,91.9,92.3,5.81,13,7,6,20
91.14,91.53,91.93,8.81,14,7,7,21
91.12,91.54,91.96,8.98,14,7,7,21
91.01,91.45,91.84,9.22,15,8,7,23
91.16,91.58,92,9.21,16,9,7,25
91.17,91.6,91.99,9.39,16,8,8,24
90.74,91.12,91.54,9.23,15,9,6,24
90.79,91.24,91.67,4.34,14,9,5,23
90.8,91.22,91.6,4.74,15,7,8,22
90.99,91.41,91.92,3.74,15,8,7,23
90.75,91.18,91.56,4.23,14,7,7,21
90.62,91.04,91.42,9.33,15,6,9,21
90.94,91.36,91.78,9.28,18,6,12,24
90.86,91.28,91.68,8.05,17,8,9,25
90.71,91.14,91.55,6.1,16,10,6,26
90.61,91.05,91.46,8.04,16,11,5,27
90.79,91.22,91.64,9.4,17,6,11,23
90.69,91.14,91.56,9.31,17,6,11,23
90.4,90.84,91.25,7.11,16,10,6,26
90.33,90.78,91.19,9.11,17,7,10,24
90.68,91.14,91.56,9.62,18,6,12,24
90.69,91.13,91.56,9.7,18,6,12,24
90.85,91.32,91.72,9.1,17,9,8,26
90.93,91.41,91.83,9,17,10,7,27
90.93,91.39,91.86,9.08,16,9,7,25
90.92,91.47,91.8,9,16,9,7,25
91.02,91.43,91.8,9,16,9,7,25
90.57,91.02,91.41,9,16,9,7,25
90.58,91.02,91.44,9.5,16,7,9,23
90.57,91,91.43,9.5,16,7,9,23
90.62,91.05,91.45,9.57,16,7,9,23
90.66,91.12,91.52,9.57,16,7,9,23
90.61,91.05,91.52,9.57,16,7,9,23
90.57,91.01,91.48,9.57,16,7,9,23
90.52,90.96,91.46,9.67,16,6,10,22
90.43,90.87,91.25,9.67,16,6,10,22
90.53,91.01,91.33,9.67,16,6,10,22
90.52,90.97,91.38,9.67,16,6,10,22
90.36,90.81,91.38,9.67,16,6,10,22
90.51,90.87,91.23,9.67,16,6,10,22
90.48,90.88,91.35,9.67,16,6,10,22
90.43,90.87,91.27,9.77,17,6,11,23
90.34,90.81,91.27,31.57,18,6,12,24
90.27,90.74,91.12,31.59,18,5,13,23
90.25,90.73,91.09,31.59,18,5,13,23
90.18,90.6,91.04,31.59,18,5,13,23
90.34,90.8,91.22,31.74,19,5,14,24
90.46,90.89,91.25,31.87,21,5,16,26
90.32,90.77,91.17,31.7,20,5,15,25
90.51,90.94,91.38,31.65,20,6,14,26
90.51,90.96,91.36,31.63,20,6,14,26
90.55,90.99,91.46,32.13,20,6,14,26
90.57,91,91.36,32.05,19,6,13,25
90.66,91.09,91.54,32.86,19,6,13,25
90.84,91.29,91.7,34.06,21,6,15,27
90.85,91.3,91.68,7.8,17,6,11,23
90.53,91,91.38,7.77,16,7,9,23
90.56,91,91.39,7.49,18,7,11,25
90.51,90.96,91.36,6.77,18,8,10,26
90.34,90.79,91.19,6.07,18,9,9,27
90.19,90.64,91.04,8.1,18,8,10,26
89.87,90.32,90.73,9.85,20,7,13,27
89.85,90.3,90.72,8.86,21,9,12,30
89.65,90.12,90.55,7.54,19,10,9,29
89.69,90.13,90.57,7.64,20,9,11,29
89.56,90.01,90.4,7.51,19,9,10,28
89.83,90.29,90.71,11.17,23,8,15,31
90.13,90.59,91,9.48,22,8,14,30
90.11,90.56,91,6.16,22,7,15,29
89.96,90.43,90.84,-5.75,18,8,10,26
90.05,90.5,90.92,-2.2,19,7,12,26
90.15,90.61,90.99,-2.2,19,7,12,26
90.27,90.72,91.14,-4.2,19,8,11,27
90.24,90.74,91.14,-6.1,19,8,11,27
90.25,90.7,91.14,-6.1,19,8,11,27
90.29,90.74,91.1,-9.1,19,8,11,27
90.29,90.76,91.17,-0.6,19,7,12,26
90.28,90.76,91.16,-0.65,18,7,11,25
90.42,90.9,91.22,-0.65,18,7,11,25
90.38,90.85,91.22,-0.15,18,7,11,25
90.36,90.79,91.2,-0.15,18,7,11,25
90.4,90.88,91.26,-0.15,18,7,11,25
90.41,90.85,91.29,-0.15,18,7,11,25
90.27,90.71,91.15,-0.15,18,7,11,25
90.28,90.72,91.12,-0.15,18,7,11,25
90.35,90.77,91.16,-0.37,17,8,9,25
90.31,90.77,91.21,-0.37,17,8,9,25
90.4,90.83,91.24,-0.37,17,8,9,25
90.44,90.89,91.26,-0.37,17,8,9,25
90.44,90.89,91.3,9.63,18,8,10,26
90.42,90.87,91.24,11.53,17,8,9,25
90.48,90.9,91.29,11.58,17,8,9,25
90.61,91.04,91.46,11.46,15,10,5,25
90.6,91.01,91.4,11.56,15,10,5,25
90.52,90.95,91.41,11.56,15,10,5,25
90.51,90.93,91.34,9.07,16,10,6,26
90.38,90.84,91.29,9.07,16,10,6,26
90.35,90.8,91.21,9.09,17,9,8,26
90.34,90.8,91.2,16,17,9,8,26
90.36,90.82,91.2,15.98,17,10,7,27
90.38,90.83,91.23,16,17,9,8,26
90.4,90.84,91.27,16,17,9,8,26
90.65,91.1,91.5,25,17,10,7,27
90.37,90.81,91.24,25,17,11,6,28
90.39,90.83,91.25,24.8,16,13,3,29
90.49,90.93,91.36,24.9,16,12,4,28
90.43,90.88,91.27,25.5,17,11,6,28
90.32,90.79,91.19,15.5,17,11,6,28
90.29,90.73,91.17,38.6,17,14,3,31
90.4,90.84,91.27,40.6,19,14,5,33
90.16,90.62,91.03,40.59,19,15,4,34
90.23,90.69,91.09,41.7,20,14,6,34
90.58,91.03,91.47,44.89,19,14,5,33
90.76,91.24,91.63,35.79,17,12,5,29
90.76,91.24,91.66,5.99,16,13,3,29
90.84,91.29,91.71,4.19,14,14,0,28
90.85,91.3,91.7,5.09,14,14,0,28
90.8,91.26,91.73,5.08,14,15,-1,29
90.75,91.24,91.63,4.43,14,17,-3,31
90.76,91.22,91.62,3.92,13,16,-3,29
90.86,91.33,91.7,3.93,13,16,-3,29
90.88,91.34,91.7,3.93,13,16,-3,29
90.82,91.32,91.61,3.93,13,16,-3,29
90.73,91.21,91.59,3.93,13,16,-3,29
90.81,91.24,91.71,3.88,13,17,-4,30
91.03,91.5,91.92,3.88,13,17,-4,30
91.17,91.59,92.01,6.08,13,15,-2,28
91.07,91.52,91.92,6.08,13,15,-2,28
91.06,91.52,91.92,6.08,13,15,-2,28
90.98,91.44,91.9,6.08,13,15,-2,28
91.08,91.53,91.94,6.08,13,15,-2,28
91.04,91.5,91.94,5.78,13,16,-3,29
91.03,91.47,91.94,5.78,13,16,-3,29
91.06,91.51,91.94,5.73,13,17,-4,30
91.04,91.48,91.87,5.73,13,17,-4,30
91.05,91.49,91.87,5.63,12,18,-6,30
91.02,91.47,91.88,5.63,12,18,-6,30
90.89,91.35,91.83,5.63,12,18,-6,30
90.84,91.3,91.66,5.63,12,18,-6,30
90.85,91.3,91.71,6.09,12,15,-3,27
90.78,91.26,91.64,31.09,13,15,-2,28
90.65,91.13,91.52,30.99,13,15,-2,28
90.6,91.04,91.45,30.99,13,15,-2,28
90.59,91.05,91.45,31.09,14,15,-1,29
90.56,91.01,91.4,30.08,14,17,-3,31
90.71,91.16,91.58,30.28,14,16,-2,30
90.72,91.18,91.58,32.28,16,16,0,32
90.62,91.07,91.5,31.75,16,16,0,32
90.73,91.18,91.6,31.75,16,16,0,32
90.58,91.03,91.44,31.75,16,16,0,32
90.59,91.07,91.47,29.55,17,17,0,34
90.53,90.99,91.39,29.54,15,16,-1,31
90.17,90.63,91.05,29.59,15,16,-1,31
90.2,90.66,91.08,5.45,13,12,1,25
89.63,90.1,90.54,9.45,17,12,5,29
89.92,90.39,90.79,12.62,22,10,12,32
90.03,90.53,90.93,37.4,23,9,14,32
89.85,90.29,90.71,11.23,20,9,11,29
89.83,90.3,90.71,8.22,17,10,7,27
89.74,90.22,90.62,8.32,17,9,8,26
89.92,90.39,90.8,8.65,18,8,10,26
90.42,90.9,91.34,8.72,18,8,10,26
90.43,90.9,91.3,5.26,19,8,11,27
90.39,90.86,91.27,4.88,17,9,8,26
90.46,90.93,91.31,0.75,15,11,4,26
90.43,90.88,91.31,0.75,15,11,4,26
90.42,90.89,91.3,0.75,15,11,4,26
90.41,90.88,91.3,0.75,15,11,4,26
90.46,91,91.3,0.75,15,11,4,26
90.47,90.91,91.3,0.75,15,11,4,26
90.45,90.9,91.32,0.75,15,11,4,26
90.47,90.96,91.32,0.75,15,11,4,26
90.38,90.87,91.25,0.74,14,11,3,25
90.43,90.86,91.29,0.74,14,11,3,25
90.43,90.88,91.29,0.74,14,11,3,25
90.45,90.92,91.35,0.74,14,11,3,25
90.44,90.93,91.35,0.34,14,11,3,25
90.42,90.87,91.28,0.34,14,11,3,25
90.4,90.88,91.28,0.07,13,11,2,24
90.29,90.74,91.28,0.07,13,11,2,24
90.32,90.81,91.15,3.17,13,10,3,23
90.27,90.74,91.15,3.14,13,11,2,24
90.33,90.75,91.17,3.14,13,11,2,24
90.32,90.81,91.18,3.15,13,11,2,24
90.39,90.86,91.26,3.14,13,11,2,24
90.43,90.89,91.3,3.14,13,11,2,24
90.53,91,91.41,3.12,13,11,2,24
90.54,91.05,91.52,2.98,12,12,0,24
90.53,91.01,91.39,2,14,12,2,26
90.69,91.14,91.55,2,14,12,2,26
90.69,91.14,91.58,2,14,12,2,26
90.72,91.21,91.59,2.94,14,11,3,25
90.71,91.16,91.58,2.94,14,11,3,25
90.77,91.24,91.62,2.84,13,11,2,24
90.8,91.26,91.64,1.22,13,14,-1,27
90.77,91.24,91.6,1.52,13,13,0,26
90.76,91.23,91.6,1.52,13,13,0,26
91.06,91.52,91.91,2.02,13,13,0,26
90.99,91.49,91.86,7.96,16,11,5,27
91.29,91.75,92.13,5.83,14,15,-1,29
91.59,92.03,92.42,5.79,13,16,-3,29
91.39,91.85,92.22,6.85,14,13,1,27
91.39,91.86,92.2,4.3,13,17,-4,30
91.25,91.72,92,4.62,15,16,-1,31
91.15,91.61,91.94,3.6,13,17,-4,30
91.09,91.54,91.91,3.56,12,18,-6,30
91.28,91.75,92.1,3.56,12,18,-6,30
91.45,91.9,92.27,3.06,11,18,-7,29
91.53,92.01,92.38,4.01,12,17,-5,29
91.46,91.93,92.28,4.01,12,17,-5,29
91.54,92.01,92.35,3.61,12,18,-6,30
91.56,92.02,92.38,3.61,12,18,-6,30
91.56,92.01,92.36,3.35,11,19,-8,30
91.45,91.9,92.3,3.35,11,19,-8,30
91.41,91.86,92.2,3.35,11,19,-8,30
91.39,91.81,92.2,3.35,11,19,-8,30
91.46,91.99,92.3,3.35,11,19,-8,30
91.46,91.95,92.3,4.3,11,17,-6,28
91.39,91.87,92.3,4.3,11,17,-6,28
91.39,91.84,92.3,4.6,11,16,-5,27
91.38,91.86,92.3,4.6,11,16,-5,27
91.35,91.78,92.12,4.6,11,16,-5,27
91.32,91.79,92.12,4.6,11,16,-5,27
91.34,91.78,92.1,4.65,11,16,-5,27
91.33,91.79,92.13,4.65,11,16,-5,27
91.34,91.81,92.13,4.69,11,17,-6,28
91.32,91.78,92.11,4.69,11,17,-6,28
91.37,91.81,92.18,4.69,11,17,-6,28
91.33,91.82,92.18,4.69,11,17,-6,28
91.44,91.89,92.2,4.79,11,17,-6,28
91.39,91.86,92.2,4.79,11,17,-6,28
91.46,91.91,92.24,4.79,11,17,-6,28
91.56,92.01,92.34,9.69,12,17,-5,29
91.59,92.02,92.38,9.69,12,17,-5,29
91.62,92.04,92.39,10.1,11,16,-5,27
91.54,92,92.36,10.15,12,15,-3,27
91.54,92.04,92.38,10.15,12,15,-3,27
91.49,91.95,92.32,10.17,12,15,-3,27
91.58,92.04,92.4,10.17,12,15,-3,27
91.69,92.16,92.52,10.15,12,15,-3,27
91.31,91.77,92.17,10.2,13,14,-1,27
91.13,91.6,91.95,10.05,12,15,-3,27
91.12,91.58,91.94,10.15,13,15,-2,28
91.22,91.68,92.03,10.75,13,15,-2,28
91.15,91.63,92,6.5,14,11,3,25
91.37,91.83,92.2,24.8,12,14,-2,26
91.53,92,92.36,21.98,13,16,-3,29
91.35,91.85,92.21,16.72,12,19,-7,31
91.21,91.67,92.04,16.42,12,19,-7,31
91.17,91.64,91.98,16.71,12,18,-6,30
91.28,91.74,92.11,18.21,16,17,-1,33
91.23,91.71,92.1,16.92,14,18,-4,32
91.26,91.74,92.12,17.02,14,17,-3,31
91.48,91.95,92.33,16.54,14,19,-5,33
91.55,92.04,92.4,15.92,13,19,-6,32
91.88,92.37,92.72,3.88,13,19,-6,32
91.83,92.32,92.67,5.31,13,17,-4,30
91.79,92.24,92.62,5.99,12,18,-6,30
91.81,92.3,92.64,4.99,11,18,-7,29
91.84,92.29,92.67,4.99,11,18,-7,29
91.86,92.35,92.69,4.99,11,18,-7,29
91.87,92.32,92.72,5,11,17,-6,28
91.78,92.26,92.72,5.2,11,17,-6,28
91.7,92.16,92.51,5.15,11,17,-6,28
91.62,92.09,92.51,5.18,11,17,-6,28
91.68,92.11,92.51,5.68,12,16,-4,28
91.78,92.2,92.51,10.68,13,16,-3,29
91.7,92.16,92.56,11.18,14,16,-2,30
91.74,92.21,92.56,10.88,13,17,-4,30
91.69,92.16,92.56,10.88,13,17,-4,30
91.68,92.17,92.57,10.88,13,17,-4,30
91.72,92.16,92.5,10.88,13,17,-4,30
91.78,92.28,92.5,10.88,13,17,-4,30
91.8,92.28,92.64,10.38,12,17,-5,29
91.75,92.23,92.57,10.28,11,18,-7,29
91.73,92.19,92.57,10.78,12,18,-6,30
91.73,92.21,92.57,10.78,12,18,-6,30
91.73,92.21,92.58,10.88,13,17,-4,30
91.8,92.28,92.58,10.88,13,17,-4,30
91.84,92.35,92.58,10.73,12,18,-6,30
91.78,92.25,92.61,10.23,11,18,-7,29
91.78,92.25,92.54,15.73,12,18,-6,30
91.64,92.1,92.47,15.73,12,18,-6,30
91.55,92,92.37,15.83,13,17,-4,30
91.6,92.09,92.43,15.43,13,16,-3,29
91.73,92.21,92.54,-9.77,11,18,-7,29
91.6,92.07,92.44,-9.61,12,17,-5,29
91.68,92.16,92.53,-14.02,14,15,-1,29
91.65,92.14,92.5,-14.11,13,16,-3,29
91.84,92.3,92.71,-14.12,13,16,-3,29
91.87,92.32,92.67,-14.12,13,16,-3,29
91.65,92.11,92.5,-15.26,13,17,-4,30
91.31,91.77,92.17,-14.67,13,18,-5,31
91.45,91.93,92.3,11.04,16,14,2,30
90.98,91.45,91.79,11.07,16,15,1,31
91.01,91.48,91.85,11.69,16,15,1,31
91.15,91.6,91.97,11.97,19,14,5,33
91.3,91.77,92.14,13.34,20,14,6,34
91.34,91.81,92.19,12.72,17,14,3,31
91.4,91.86,92.24,13.16,19,11,8,30
91.48,91.95,92.31,13.16,19,12,7,31
91.47,91.94,92.32,13.48,19,10,9,29
92.06,92.52,92.87,12.87,18,12,6,30
91.96,92.42,92.76,10.7,14,15,-1,29
91.9,92.36,92.72,11.1,14,14,0,28
91.88,92.33,92.66,11.89,15,14,1,29
91.97,92.43,92.75,26.83,15,16,-1,31
91.99,92.43,92.79,21.72,16,16,0,32
92.03,92.46,92.81,21.72,16,16,0,32
91.77,92.22,92.75,22.32,17,15,2,32
91.88,92.31,92.75,21.15,15,15,0,30
92.01,92.47,92.81,21.14,15,16,-1,31
92.08,92.51,92.86,21.93,15,16,-1,31
92,92.45,92.81,21.93,15,16,-1,31
91.99,92.42,92.8,21.63,14,17,-3,31
92.06,92.51,92.83,21.63,14,17,-3,31
92.16,92.62,92.96,21.63,14,17,-3,31
92.22,92.67,93.01,21.5,13,16,-3,29
92.22,92.65,93,21.5,13,16,-3,29
92.14,92.59,93,21.5,13,16,-3,29
92.08,92.53,92.88,21.5,13,16,-3,29
92.05,92.48,92.83,21.5,13,16,-3,29
91.91,92.36,92.67,20.9,12,17,-5,29
91.9,92.34,92.66,21.14,12,17,-5,29
91.8,92.24,92.58,21.14,12,17,-5,29
91.71,92.15,92.47,21.74,13,16,-3,29
91.73,92.15,92.52,31.7,13,17,-4,30
91.82,92.27,92.57,31.8,13,17,-4,30
91.7,92.14,92.49,31.8,13,17,-4,30
91.69,92.13,92.46,31.8,13,17,-4,30
91.73,92.18,92.46,31.95,14,16,-2,30
91.87,92.31,92.66,31.97,15,16,-1,31
91.82,92.3,92.65,31.82,15,16,-1,31
91.72,92.2,92.5,32.07,15,16,-1,31
91.95,92.39,92.71,32.07,16,16,0,32
92.06,92.53,92.87,32.07,16,16,0,32
92.14,92.6,92.94,31.56,15,17,-2,32
92.41,92.85,93.2,26.51,14,17,-3,31
92.65,93.1,93.47,26.77,15,16,-1,31
93,93.45,93.78,27.41,16,14,2,30
93.26,93.69,94.02,16.31,14,16,-2,30
93.29,93.72,94.05,12.28,15,16,-1,31
93.14,93.55,93.86,11.88,15,16,-1,31
92.73,93.15,93.46,10.39,15,15,0,30
93.17,93.58,93.9,12.78,17,12,5,29
92.76,93.18,93.46,13.03,17,11,6,28
92.91,93.3,93.57,12.98,17,12,5,29
92.93,93.33,93.59,21.83,18,12,6,30
92.74,93.14,93.41,22.08,19,12,7,31
92.5,92.89,93.16,22.18,19,12,7,31
92.49,92.88,93.17,11.97,17,13,4,30
92.53,92.9,93.19,12.43,17,12,5,29
92.52,92.91,93.17,12.48,17,12,5,29
92.58,92.94,93.25,12.68,17,13,4,30
92.62,93,93.25,13.64,18,12,6,30
92.62,92.99,93.25,13.74,18,12,6,30
92.63,93,93.25,13.74,18,12,6,30
92.54,92.91,93.25,13.89,19,11,8,30
92.68,93.06,93.21,13.09,18,12,6,30
92.64,93.02,93.3,13.04,18,13,5,31
92.7,93.09,93.34,13.14,19,12,7,31
92.77,93.16,93.43,13.14,19,12,7,31
92.76,93.11,93.38,5.19,18,13,5,31
92.74,93.13,93.4,5.19,18,13,5,31
92.79,93.17,93.44,4.94,17,13,4,30
92.74,93.12,93.37,4.94,17,13,4,30
92.72,93.12,93.38,4.94,17,13,4,30
92.68,93.05,93.34,4.94,17,13,4,30
92.7,93.07,93.35,5.19,18,13,5,31
92.73,93.11,93.38,13.19,19,12,7,31
92.71,93.09,93.36,13.19,19,12,7,31
92.67,93.05,93.3,13.09,18,12,6,30
92.66,93.06,93.32,13.09,18,12,6,30
92.75,93.14,93.4,13.08,17,13,4,30
92.82,93.19,93.44,12.83,16,13,3,29
92.93,93.32,93.58,12.83,16,13,3,29
92.96,93.34,93.6,12.58,16,14,2,30
92.78,93.15,93.38,12.53,15,14,1,29
92.9,93.28,93.54,12.63,15,13,2,28
92.82,93.2,93.55,12.88,16,13,3,29
92.87,93.22,93.48,12.68,16,13,3,29
92.79,93.13,93.43,12.68,16,13,3,29
92.76,93.1,93.38,12.93,17,13,4,30
92.72,93.08,93.35,12.88,16,13,3,29
92.99,93.36,93.62,13.23,16,13,3,29
92.99,93.35,93.61,22.68,16,13,3,29
93.22,93.59,93.85,17.43,16,12,4,28
93.14,93.52,93.77,16.91,16,12,4,28
93.12,93.49,93.81,16.21,15,13,2,28
92.91,93.28,93.54,15.91,16,13,3,29
92.93,93.3,93.67,14.86,16,13,3,29
92.73,93.09,93.34,19.66,17,12,5,29
92.47,92.84,93.1,14.83,16,13,3,29
92.03,92.38,92.63,16.73,16,12,4,28
92.34,92.71,92.98,20.84,16,13,3,29
92.58,92.94,93.2,19.75,17,14,3,31
92.46,92.82,93.06,19.49,16,14,2,30
92.37,92.73,92.99,-0.51,15,15,0,30
92.35,92.71,92.91,7.74,15,14,1,29
92.39,92.75,93.01,7.74,15,14,1,29
92.42,92.79,93.09,7.76,15,14,1,29
92.48,92.86,93.05,7.93,16,14,2,30
92.51,92.87,93.1,7.93,16,14,2,30
92.43,92.78,93.07,7.93,16,14,2,30
92.36,92.72,93.07,7.93,16,14,2,30
92.33,92.67,92.95,7.93,16,14,2,30
92.29,92.69,92.93,7.93,16,14,2,30
92.28,92.64,92.87,7.93,16,14,2,30
92.32,92.66,92.93,7.93,16,14,2,30
92.26,92.63,92.94,7.93,16,14,2,30
92.26,92.63,92.83,7.93,16,14,2,30
92.34,92.72,92.94,7.93,16,14,2,30
92.32,92.67,92.96,7.93,16,14,2,30
92.29,92.66,92.96,7.93,16,14,2,30
92.28,92.65,92.96,7.93,16,14,2,30
92.28,92.65,92.91,7.93,16,14,2,30
92.23,92.6,92.91,7.93,16,14,2,30
92.26,92.63,92.88,7.93,16,14,2,30
92.22,92.59,92.86,8.18,16,14,2,30
92.34,92.68,92.84,8.18,16,14,2,30
92.45,92.82,93.01,7.93,16,14,2,30
92.86,93.22,93.47,7.93,16,14,2,30
92.82,93.22,93.43,8.38,17,12,5,29
92.93,93.29,93.54,8.38,17,12,5,29
92.74,93.1,93.37,8.04,16,12,4,28
92.7,93.09,93.3,8.03,16,12,4,28
92.72,93.08,93.28,7.83,16,13,3,29
92.61,92.97,93.21,7.83,16,13,3,29
92.48,92.84,93.07,7.33,15,14,1,29
92.05,92.4,92.67,7.39,15,15,0,30
92.25,92.6,92.85,6.75,17,14,3,31
92.14,92.46,92.72,7.7,18,12,6,30
92.21,92.57,92.82,8.95,18,11,7,29
92.52,92.89,93.16,8.7,18,11,7,29
92.84,93.2,93.45,8.95,17,11,6,28
92.85,93.21,93.49,8.79,16,13,3,29
92.7,93.05,93.31,8.59,15,15,0,30
92.75,93.11,93.36,8.49,15,15,0,30
92.9,93.25,93.51,8.5,16,15,1,31
92.78,93.13,93.4,8.49,16,16,0,32
92.81,93.16,93.41,5.97,16,18,-2,34
92.84,93.2,93.44,5.87,15,18,-3,33
92.89,93.24,93.49,5.87,15,18,-3,33
93.02,93.37,93.62,5.82,15,18,-3,33
92.97,93.32,93.56,8.43,16,15,1,31
92.98,93.33,93.57,6.9,16,16,0,32
93.05,93.39,93.61,5.9,16,16,0,32
93.16,93.5,93.7,15.9,17,15,2,32
93.19,93.54,93.8,14.75,16,16,0,32
93.18,93.48,93.7,15.53,14,16,-2,30
93.24,93.58,93.7,5.53,13,17,-4,30
93.24,93.6,93.7,25.53,14,16,-2,30
93.25,93.59,93.81,25.43,13,16,-3,29
93.27,93.61,93.81,25.38,13,16,-3,29
93.23,93.57,93.8,25.18,13,17,-4,30
93.25,93.6,93.8,25.08,13,17,-4,30
93.19,93.52,93.74,25.08,13,17,-4,30
93.14,93.46,93.69,25.08,13,17,-4,30
93.19,93.54,93.75,25.08,13,17,-4,30
93.19,93.54,93.76,25.08,13,17,-4,30
93.31,93.67,93.83,25.08,13,17,-4,30
93.31,93.66,93.88,25.08,13,17,-4,30
93.28,93.64,93.86,25.08,13,17,-4,30
93.27,93.61,93.85,25.08,13,17,-4,30
93.26,93.63,93.84,25.08,13,17,-4,30
93.24,93.6,93.84,25.08,13,17,-4,30
93.3,93.64,93.88,25.18,14,17,-3,31
93.25,93.59,93.83,25.18,14,17,-3,31
93.2,93.56,93.81,25.18,14,17,-3,31
93.19,93.53,93.8,25.18,14,17,-3,31
93.1,93.44,93.67,25.18,14,17,-3,31
93.15,93.49,93.62,25.18,14,17,-3,31
93.16,93.51,93.76,25.28,15,16,-1,31
93.13,93.47,93.76,25.28,15,16,-1,31
93.38,93.74,93.97,25.28,15,16,-1,31
93.3,93.66,93.95,25.18,14,16,-2,30
93.27,93.61,93.85,26.18,15,16,-1,31
93.61,93.97,94.2,26.18,15,16,-1,31
93.56,93.91,94.15,25.53,15,16,-1,31
93.77,94.12,94.32,25.4,15,17,-2,32
93.52,93.86,94.09,31.28,15,16,-1,31
93.22,93.59,93.82,31.68,15,17,-2,32
93.33,93.69,93.91,26.69,14,17,-3,31
93.36,93.73,93.96,27.24,15,17,-2,32
93.49,93.88,94.11,13.78,16,17,-1,33
93.45,93.83,94.08,13.33,15,16,-1,31
93.25,93.62,93.88,13.28,15,16,-1,31
93.46,93.83,94.07,13.73,16,17,-1,33
93.5,93.86,94.12,14.68,16,16,0,32
93.5,93.87,94.13,14.68,17,17,0,34
93.48,93.85,94.11,13.43,15,18,-3,33
93.47,93.84,94.12,12.73,14,18,-4,32
93.48,93.85,94.13,12.93,15,17,-2,32
93.5,93.86,94.13,13.93,15,17,-2,32
93.58,93.94,94.18,13.73,15,17,-2,32
93.54,93.91,94.21,13.73,15,17,-2,32
93.45,93.81,94.08,12.63,13,18,-5,31
92.72,93.09,93.34,12.63,13,18,-5,31
92.77,93.14,93.42,15.33,15,15,0,30
92.75,93.14,93.39,15.33,15,15,0,30
92.48,92.86,93.11,14.93,15,16,-1,31
92.47,92.85,93.09,15.03,15,16,-1,31
92.46,92.82,93.11,15.78,16,15,1,31
92.21,92.6,92.86,15.78,16,15,1,31
92.24,92.62,92.91,16.53,16,15,1,31
92.17,92.56,92.85,15.53,16,16,0,32
92.22,92.6,92.98,15.53,16,16,0,32
92.21,92.6,92.91,16.53,16,15,1,31
92.33,92.72,93,16.54,16,14,2,30
92.46,92.83,93.14,16.54,16,14,2,30
92.51,92.89,93.2,15.79,16,14,2,30
92.36,92.74,93.06,15.85,17,13,4,30
92.38,92.76,93.07,15.85,17,13,4,30
92.37,92.75,93.07,15.85,17,13,4,30
92.3,92.68,93,15.85,17,13,4,30
92.27,92.66,92.99,16.6,17,13,4,30
92.34,92.72,93.01,16.6,17,13,4,30
92.44,92.82,93.13,17.1,17,12,5,29
92.42,92.8,93.08,16.84,17,12,5,29
92.6,92.96,93.22,16.84,17,12,5,29
92.59,92.96,93.22,16.79,17,12,5,29
92.36,92.73,93.04,16.3,18,12,6,30
92.42,92.8,93.1,16.35,18,12,6,30
92.6,92.96,93.21,16.34,17,13,4,30
92.48,92.86,93.19,15.36,18,13,5,31
92.51,92.89,93.18,15.36,18,13,5,31
92.47,92.86,93.11,15.96,18,13,5,31
91.95,92.3,92.6,17.46,19,12,7,31
92.37,92.75,93.04,17.74,19,14,5,33
93.05,93.42,93.71,17.33,19,13,6,32
93.23,93.6,93.87,8.44,18,13,5,31
93.16,93.54,93.8,9.93,18,11,7,29
93.31,93.69,93.92,9.78,18,12,6,30
93.32,93.7,93.95,9.38,16,13,3,29
93.42,93.8,94.07,9.22,16,13,3,29
93.46,93.84,94.12,9.22,16,13,3,29
93.54,93.93,94.19,9.41,16,12,4,28
93.72,94.09,94.34,9.42,16,12,4,28
93.73,94.1,94.35,9.34,16,11,5,27
93.68,94.05,94.31,7.24,15,13,2,28
93.62,94,94.26,8.24,15,12,3,27
93.74,94.11,94.4,8.24,15,12,3,27
93.85,94.22,94.52,8.24,15,12,3,27
93.87,94.26,94.57,8.14,15,12,3,27
93.8,94.17,94.49,8.06,15,12,3,27
93.92,94.29,94.47,8.11,15,12,3,27
93.82,94.23,94.51,7.66,15,13,2,28
93.81,94.18,94.44,7.66,15,13,2,28
93.85,94.22,94.49,6.64,15,14,1,29
93.79,94.15,94.44,6.64,15,14,1,29
93.79,94.16,94.45,6.64,15,14,1,29
93.8,94.17,94.39,6.64,15,14,1,29
93.85,94.21,94.49,6.64,15,14,1,29
93.88,94.25,94.53,6.64,15,14,1,29
93.83,94.21,94.45,7.39,15,14,1,29
93.79,94.16,94.43,7.39,15,14,1,29
93.79,94.17,94.45,7.39,15,14,1,29
93.79,94.16,94.44,7.39,15,14,1,29
93.81,94.18,94.43,7.39,15,14,1,29
93.73,94.11,94.38,7.39,15,14,1,29
93.71,94.08,94.36,7.39,15,14,1,29
93.75,94.12,94.41,7.39,15,14,1,29
93.68,94.05,94.31,7.47,15,14,1,29
93.68,94.06,94.32,7.47,15,14,1,29
93.72,94.11,94.37,7.47,15,14,1,29
93.64,94.02,94.27,7.47,15,14,1,29
93.72,94.12,94.32,7.47,15,14,1,29
93.72,94.09,94.36,7.47,15,14,1,29
93.83,94.21,94.46,7.47,15,14,1,29
93.81,94.17,94.44,7.47,15,14,1,29
93.81,94.2,94.47,7.47,15,14,1,29
93.98,94.33,94.6,7.47,15,14,1,29
94,94.37,94.64,7.47,15,14,1,29
93.71,94.08,94.33,7.47,15,14,1,29
93.73,94.11,94.36,7.47,15,14,1,29
93.79,94.14,94.4,6.47,15,15,0,30
93.44,93.81,94.08,6.47,15,15,0,30
93.5,93.89,94.17,6.47,15,15,0,30
93.63,94,94.27,6.97,15,14,1,29
93.18,93.53,93.82,6.98,15,14,1,29
93,93.35,93.64,6.98,15,14,1,29
92.94,93.3,93.59,7.33,15,13,2,28
92.29,92.63,92.9,7.33,15,13,2,28
92.45,92.79,93.07,7.33,15,13,2,28
92.15,92.5,92.78,4.85,14,12,2,26
92.08,92.43,92.68,4.95,14,11,3,25
92.17,92.5,92.73,4.95,14,11,3,25
92.11,92.44,92.72,5.25,15,10,5,25
92.16,92.48,92.82,-1.25,13,10,3,23
92.14,92.46,92.75,-1.25,13,10,3,23
92.05,92.38,92.65,-1.25,13,10,3,23
92.25,92.57,92.83,0,13,8,5,21
92.14,92.52,92.79,0,13,8,5,21
92.17,92.53,92.81,0,13,8,5,21
92.21,92.54,92.81,0,13,8,5,21
92.21,92.52,92.8,0,13,8,5,21
92.22,92.52,92.8,0,13,8,5,21
92.22,92.56,92.82,0,13,8,5,21
92.31,92.69,92.96,0,13,8,5,21
92.4,92.72,93,0,13,8,5,21
92.35,92.68,92.96,0,13,8,5,21
92.35,92.69,92.97,0,13,8,5,21
92.33,92.68,92.95,0,13,8,5,21
92.4,92.74,93.01,0,13,8,5,21
92.45,92.79,93.04,0,13,8,5,21
92.41,92.78,93.01,0,13,8,5,21
92.39,92.72,93.02,0,13,8,5,21
92.38,92.77,93.01,0,13,8,5,21
92.59,92.91,93.19,0,13,8,5,21
92.5,92.88,93.18,0,13,8,5,21
92.55,92.86,93.14,0,13,8,5,21
92.5,92.87,93.13,0,13,8,5,21
92.47,92.82,93.06,0,13,8,5,21
92.51,92.86,93.12,0,13,8,5,21
92.68,93.02,93.32,0,13,8,5,21
92.86,93.21,93.5,0,13,8,5,21
92.82,93.19,93.42,0,13,8,5,21
92.97,93.3,93.57,0,13,8,5,21
92.85,93.17,93.45,0,13,8,5,21
92.95,93.35,93.6,0,13,8,5,21
92.86,93.17,93.45,0,13,8,5,21
93.08,93.38,93.64,0,13,8,5,21
92.78,93.13,93.43,0,13,8,5,21
92.63,92.99,93.28,0,13,8,5,21
92.34,92.66,92.92,0,13,8,5,21
92.42,92.7,92.99,0,13,8,5,21
92.46,92.75,93.02,0,13,8,5,21
92.36,92.65,92.9,0,13,8,5,21
92.47,92.72,93.01,0,13,8,5,21
92.75,93.07,93.35,0,13,8,5,21
92.65,92.99,93.27,0,13,8,5,21
93.24,93.52,93.8,0,13,8,5,21
93.22,93.51,93.66,10.79,15,9,6,24
93.28,93.52,93.66,10.99,15,9,6,24
93.48,93.69,93.88,10.99,15,9,6,24
93.43,93.71,93.88,10.99,15,9,6,24
93.35,93.63,93.81,10.49,15,9,6,24
93.32,93.59,93.81,10.49,15,9,6,24
93.2,93.45,93.81,10.49,15,9,6,24
93.23,93.45,93.68,11.49,16,9,7,25
93.24,93.52,93.71,12.12,16,9,7,25
93.26,93.54,93.73,12.12,16,9,7,25
93.15,93.49,93.69,12.07,16,10,6,26
93.09,93.37,93.57,12.12,16,9,7,25
93.08,93.33,93.53,12.36,16,8,8,24
93.13,93.37,93.57,12.36,16,8,8,24
93.12,93.37,93.59,12.37,17,8,9,25
93.08,93.35,93.57,12.37,17,8,9,25
92.88,93.15,93.31,12.37,17,8,9,25
93,93.29,93.47,12.62,17,8,9,25
92.96,93.25,93.41,12.62,17,8,9,25
92.96,93.27,93.47,13.57,18,9,9,27
93.1,93.39,93.57,14.57,18,9,9,27
93.29,93.49,93.67,14.57,18,9,9,27
93.16,93.41,93.59,13.17,18,9,9,27
93.24,93.52,93.7,13.17,18,9,9,27
93.23,93.51,93.74,12.17,17,9,8,26
92.81,93.12,93.31,12.18,18,8,10,26
92.88,93.21,93.39,12.61,18,9,9,27
92.68,92.99,93.22,13.57,21,9,12,30
92.88,93.14,93.36,13.78,22,8,14,30
92.8,93.08,93.3,13.88,23,7,16,30
93.26,93.55,93.74,16.18,23,6,17,29
92.95,93.24,93.37,14.84,20,6,14,26
92.59,92.86,93.08,15.15,19,6,13,25
92.09,92.4,92.61,17.57,19,8,11,27
92.42,92.71,92.94,16.44,22,8,14,30
92.47,92.8,93.05,16.15,22,8,14,30
92.52,92.84,93.06,17.85,19,10,9,29
92.42,92.74,92.93,17.6,19,10,9,29
92.38,92.71,92.92,16.85,19,10,9,29
92.41,92.72,92.92,15.95,18,11,7,29
92.46,92.77,92.92,15.96,19,11,8,30
92.43,92.75,92.92,15.96,19,11,8,30
92.43,92.77,92.92,15.96,19,11,8,30
92.41,92.74,92.92,15.95,18,11,7,29
92.55,92.86,92.92,15.95,18,11,7,29
92.62,92.83,93.05,21.04,18,11,7,29
92.56,92.84,93.05,20.04,18,11,7,29
92.61,92.92,93.05,20.04,18,11,7,29
92.6,92.92,93.05,20.04,18,11,7,29
92.6,92.92,93.05,20.04,18,11,7,29
92.58,92.92,93.13,20.04,18,11,7,29
92.55,92.92,93.1,20.04,18,11,7,29
92.71,93,93.2,20.04,18,11,7,29
92.73,93.03,93.2,20.79,18,10,8,28
92.69,93,93.2,20.76,18,10,8,28
92.63,92.94,93.2,20.76,18,10,8,28
92.55,92.86,93.15,20.71,18,10,8,28
92.49,92.8,93.15,20.96,18,10,8,28
92.59,92.89,93.07,21.21,18,10,8,28
92.56,92.87,93.09,20.96,18,10,8,28
92.6,92.87,93.01,20.96,18,10,8,28
92.56,92.88,93.09,20.86,19,10,9,29
92.42,92.73,92.94,21.36,19,10,9,29
92.49,92.83,93.05,22.39,21,9,12,30
92.62,92.96,92.95,21.39,21,9,12,30
92.66,93,93.2,21.47,21,9,12,30
92.67,92.98,93.2,21.46,20,10,10,30
92.87,93.16,93.38,20.96,20,10,10,30
92.9,93.24,93.43,20.71,20,10,10,30
92.98,93.27,93.56,4.13,21,11,10,32
92.87,93.17,93.37,4.05,20,11,9,31
92.86,93.17,93.36,5.29,19,10,9,29
93.1,93.4,93.57,21.29,20,9,11,29
92.99,93.3,93.49,17.16,20,9,11,29
93.18,93.47,93.63,12.99,19,9,10,28
93.04,93.32,93.51,8.72,15,11,4,26
93.13,93.42,93.61,12.82,16,11,5,27
92.98,93.27,93.51,-14.13,15,12,3,27
92.89,93.18,93.35,-15.18,14,12,2,26
92.79,93.07,93.25,11.07,15,11,4,26
93,93.27,93.37,11.92,15,10,5,25
93.13,93.41,93.57,12.32,17,9,8,26
93.67,93.91,94.05,11.11,15,10,5,25
93.63,93.88,94.02,5.77,12,13,-1,25
93.68,93.92,94.04,6.8,12,11,1,23
93.86,94.09,94.23,5.77,12,11,1,23
93.91,94.13,94.21,5.21,9,15,-6,24
93.86,94.08,94.23,4.75,8,15,-7,23
93.8,94.02,94.23,5.94,9,17,-8,26
93.73,93.98,94.23,6.34,9,17,-8,26
93.71,93.97,94.08,6.8,10,17,-7,27
93.77,94,94.09,6.8,10,17,-7,27
93.96,94.1,94.09,6.8,10,17,-7,27
94,94.23,94.35,6.51,10,18,-8,28
94.04,94.26,94.39,7.68,11,17,-6,28
94.08,94.31,94.39,6.68,11,17,-6,28
94.12,94.32,94.39,8.55,11,17,-6,28
94.03,94.27,94.4,8.55,11,17,-6,28
94.07,94.29,94.43,8.55,11,17,-6,28
94.11,94.34,94.47,8.55,11,17,-6,28
94.05,94.28,94.44,7.05,11,18,-7,29
94.11,94.31,94.46,6.8,11,18,-7,29
94.19,94.42,94.5,6.8,11,18,-7,29
94.22,94.45,94.5,6.8,11,18,-7,29
94.22,94.44,94.5,7,11,18,-7,29
94.21,94.45,94.5,7,11,18,-7,29
94.11,94.35,94.54,6.97,11,18,-7,29
94.14,94.4,94.53,6.97,11,18,-7,29
94.1,94.34,94.47,7,11,18,-7,29
94.09,94.33,94.47,7.2,11,18,-7,29
94.12,94.36,94.51,7.37,11,19,-8,30
94.07,94.29,94.46,7.17,11,19,-8,30
94.13,94.38,94.49,7.12,11,19,-8,30
94.13,94.38,94.54,-2.85,11,20,-9,31
94.18,94.48,94.59,-2.85,11,20,-9,31
94.24,94.47,94.55,-3.34,11,20,-9,31
94.13,94.39,94.49,-2.95,11,21,-10,32
94.42,94.62,94.87,-4.59,11,22,-11,33
94.45,94.69,94.83,6.08,12,17,-5,29
94.66,94.88,95,5.9,11,18,-7,29
94.91,95.14,95.27,5.85,12,17,-5,29
95.34,95.58,95.68,0.98,11,21,-10,32
94.92,95.14,95.25,-0.59,9,21,-12,30
94.58,94.82,94.95,3.04,10,21,-11,31
94.55,94.79,94.97,5.04,10,17,-7,27
94.29,94.54,94.69,5.02,9,17,-8,26
94.16,94.39,94.59,6.4,14,14,0,28
94.38,94.64,94.8,6.25,13,14,-1,27
94.69,94.95,95.1,6.41,14,15,-1,29
94.79,95.07,95.24,-0.25,12,16,-4,28
94.62,94.89,95.05,0.59,14,17,-3,31
94.51,94.8,95,0.61,11,18,-7,29
94.54,94.83,94.99,0.71,11,19,-8,30
94.56,94.81,94.97,-9.46,11,20,-9,31
94.66,94.89,95.09,-8.45,12,20,-8,32
94.67,94.93,95.13,-8.48,12,20,-8,32
94.79,95.06,95.13,-8.53,12,21,-9,33
94.79,95.06,95.13,-8.73,12,21,-9,33
94.77,95.06,95.13,-9.68,11,20,-9,31
94.71,95.03,95.13,-9.68,11,20,-9,31
94.72,95.01,95.13,-9.68,11,20,-9,31
94.68,95,95.13,-9.68,11,20,-9,31
94.68,94.98,95.13,-9.68,11,20,-9,31
94.7,95,95.13,-9.68,11,20,-9,31
94.73,95.02,95.19,-9.68,11,20,-9,31
94.73,95.02,95.19,-9.68,11,20,-9,31
94.73,95.02,95.19,-9.68,11,20,-9,31
94.83,95.09,95.19,-9.68,11,20,-9,31
94.83,95.12,95.28,-9.67,12,20,-8,32
94.86,95.14,95.28,-9.87,12,20,-8,32
94.87,95.13,95.28,-9.87,12,20,-8,32
94.91,95.2,95.36,-10.37,12,20,-8,32
94.96,95.26,95.39,-10.37,12,20,-8,32
95.01,95.29,95.44,-11.74,11,22,-11,33
95.06,95.32,95.44,-11.74,11,22,-11,33
94.93,95.23,95.44,-1.84,11,21,-10,32
95.03,95.32,95.47,-2.05,10,21,-11,31
95.12,95.39,95.51,-1.95,10,21,-11,31
95.17,95.44,95.6,-2.06,10,21,-11,31
95.23,95.53,95.7,-2.39,10,21,-11,31
95.26,95.56,95.71,-2.41,10,22,-12,32
95.5,95.77,95.95,-1.52,11,21,-10,32
95.42,95.7,95.95,-2.08,11,20,-9,31
95.3,95.57,95.75,-4.32,11,21,-10,32
95.59,95.88,96.02,3.62,10,19,-9,29
95.6,95.89,96.05,2.71,10,20,-10,30
95.69,95.97,96.11,1.61,10,21,-11,31
95.77,96.03,96.24,-0.37,10,21,-11,31
95.53,95.8,95.97,0.66,11,21,-10,32
95.52,95.78,95.95,1.46,10,22,-12,32
95.39,95.65,95.8,2.56,10,22,-12,32
95.47,95.75,95.9,1.45,10,22,-12,32
95.39,95.66,95.79,1.45,10,22,-12,32
95.4,95.68,95.82,1.49,11,23,-12,34
95.8,96.06,96.21,1.69,11,23,-12,34
95.87,96.14,96.28,1.54,12,22,-10,34
96.2,96.47,96.6,-1.05,12,22,-10,34
96.17,96.44,96.61,-0.49,11,21,-10,32
96.3,96.55,96.66,-0.45,10,22,-12,32
96.24,96.43,96.65,-0.55,11,21,-10,32
96.31,96.59,96.73,-0.95,10,22,-12,32
96.2,96.45,96.61,-1.05,10,21,-11,31
96.21,96.46,96.61,-1.05,10,21,-11,31
96.16,96.44,96.62,-0.95,10,21,-11,31
96.18,96.49,96.62,-1.19,10,21,-11,31
96.16,96.45,96.62,-1.19,10,21,-11,31
96.14,96.44,96.62,-1.19,10,21,-11,31
96.12,96.4,96.55,-1.19,10,21,-11,31
96.13,96.42,96.54,-1.19,10,21,-11,31
96.11,96.36,96.5,-1.19,10,21,-11,31
96.18,96.46,96.6,-1.19,10,21,-11,31
96.21,96.5,96.66,-1.18,11,21,-10,32
96.19,96.48,96.66,-1.18,11,21,-10,32
96.17,96.44,96.66,-1.18,11,21,-10,32
96.1,96.39,96.53,-0.88,11,21,-10,32
96.11,96.37,96.53,-0.88,11,21,-10,32
96.08,96.38,96.52,-0.88,11,21,-10,32
96.06,96.33,96.52,-0.88,11,21,-10,32
96.07,96.35,96.48,-0.75,11,21,-10,32
96.18,96.48,96.58,-0.75,11,21,-10,32
96.12,96.38,96.58,-5.75,11,22,-11,33
96,96.3,96.44,-10.75,11,23,-12,34
96.01,96.32,96.44,-7.75,11,23,-12,34
95.89,96.16,96.31,-0.75,11,21,-10,32
95.92,96.18,96.29,-25.54,11,21,-10,32
95.99,96.29,96.35,-25.34,11,21,-10,32
95.9,96.13,96.32,-24.84,11,21,-10,32
95.81,96.08,96.24,-24.86,10,22,-12,32
95.91,96.19,96.34,-24.25,10,20,-10,30
95.62,95.92,96.05,-24.42,9,20,-11,29
95.84,96.12,96.3,-24.44,9,21,-12,30
95.9,96.17,96.35,0.41,9,20,-11,29
95.91,96.19,96.32,-0.04,9,21,-12,30
95.8,96.07,96.24,-0.04,9,21,-12,30
95.77,96.03,96.17,0.02,9,21,-12,30
95.82,96.09,96.25,-0.98,10,23,-13,33
95.83,96.04,96.16,-0.26,11,22,-11,33
95.83,96.08,96.22,-0.63,11,23,-12,34
96.17,96.42,96.56,-6.69,10,25,-15,35
96.04,96.29,96.43,-25.32,12,23,-11,35
96.3,96.57,96.75,-31.62,11,25,-14,36
96.39,96.64,96.79,-4.68,11,22,-11,33
96.5,96.77,96.9,-4.62,12,21,-9,33
96.62,96.88,97.03,-14.83,11,22,-11,33
96.52,96.77,96.95,-15.76,10,23,-13,33
96.57,96.83,96.96,-16.08,10,24,-14,34
96.51,96.76,96.9,-16.23,10,24,-14,34
96.54,96.82,96.97,-16.43,10,25,-15,35
96.65,96.92,96.98,-10.52,10,25,-15,35
96.69,96.98,97.1,-11.52,10,25,-15,35
96.75,97,97.14,-11.62,10,25,-15,35
96.7,96.93,97.08,-40.51,10,25,-15,35
96.72,96.95,97.1,-40.51,10,25,-15,35
96.66,96.93,97.1,-40.51,10,25,-15,35
96.68,96.93,97.1,-40.51,10,25,-15,35
96.65,96.9,97.1,-40.59,10,25,-15,35
96.74,96.99,97.14,-40.59,10,25,-15,35
96.7,96.97,97.09,-40.59,10,25,-15,35
96.68,96.95,97.12,-40.59,10,25,-15,35
96.62,96.89,97.07,-40.59,10,25,-15,35
96.59,96.85,96.99,-40.59,10,25,-15,35
96.62,96.86,96.98,-40.59,10,25,-15,35
96.65,96.92,96.98,-40.59,10,25,-15,35
96.59,96.85,96.99,-40.59,10,25,-15,35
96.77,97.04,97.01,-40.59,10,25,-15,35
96.77,97.06,97.21,-40.59,10,25,-15,35
96.75,97.02,97.21,-40.59,10,25,-15,35
96.87,97.13,97.32,-42.79,10,25,-15,35
96.73,97,97.32,-36.88,8,26,-18,34
96.74,97.02,97.1,-36.85,8,26,-18,34
96.65,96.92,97.05,-36.75,8,26,-18,34
96.53,96.81,96.94,-36.67,10,26,-16,36
96.52,96.78,96.91,-36.72,10,26,-16,36
96.64,96.87,97.02,-36.2,10,25,-15,35
96.73,97,97.15,-35.16,10,24,-14,34
96.72,97,97.16,-35.31,9,25,-16,34
96.73,97,97.17,-35.34,9,25,-16,34
96.67,96.93,97.14,-35.46,9,26,-17,35
96.27,96.53,96.71,-35.46,9,26,-17,35
96.48,96.73,96.82,-35.07,8,27,-19,35
96.64,96.9,97.04,-34.73,8,27,-19,35
96.57,96.82,96.91,-34.46,11,26,-15,37
96.74,96.99,97.12,-34.91,9,27,-18,36
96.62,96.88,97,-34.99,11,26,-15,37
96.78,97.05,97.17,-35.59,10,27,-17,37
96.81,97.07,97.23,-34.39,11,26,-15,37
96.67,96.94,97.05,-33.27,12,23,-11,35
96.71,96.96,97.06,-37.39,10,26,-16,36
96.93,97.16,97.31,-33,11,25,-14,36
97.28,97.52,97.66,-30.97,9,25,-16,34
97.22,97.5,97.64,-48.15,12,25,-13,37
97.09,97.34,97.5,-48.05,12,25,-13,37
97.1,97.35,97.5,-48.15,11,26,-15,37
97.09,97.35,97.5,-48.14,11,25,-14,36
97.14,97.37,97.53,-48.14,11,25,-14,36
97.11,97.36,97.53,-48.44,10,25,-15,35
97.23,97.44,97.6,-48.44,10,25,-15,35
97.27,97.55,97.7,-48.74,9,26,-17,35
97.29,97.57,97.67,-15.65,9,25,-16,34
97.24,97.52,97.7,-15.57,9,24,-15,33
97.22,97.5,97.7,-15.57,9,24,-15,33
97.14,97.44,97.5,-15.57,9,24,-15,33
97.07,97.31,97.48,-5.17,9,24,-15,33
97.04,97.32,97.49,-5.37,9,24,-15,33
97.05,97.34,97.52,-5.34,9,24,-15,33
96.79,97.1,97.24,-5.34,9,24,-15,33
96.72,97,97.16,-5.34,9,24,-15,33
96.75,97.03,97.2,-5.54,9,24,-15,33
96.87,97.14,97.21,-5.54,9,24,-15,33
96.89,97.18,97.36,-5.54,9,24,-15,33
96.91,97.21,97.28,-5.34,9,24,-15,33
96.81,97.12,97.24,-5.34,9,24,-15,33
96.86,97.11,97.24,-5.34,9,24,-15,33
96.85,97.13,97.29,-5.34,9,24,-15,33
96.7,96.99,97.26,-5.44,9,24,-15,33
96.8,97.1,97.23,-5.34,9,24,-15,33
96.8,97.07,97.21,-5.14,10,23,-13,33
96.91,97.16,97.31,-5.11,10,23,-13,33
96.77,97.03,97.19,-5.14,10,23,-13,33
96.77,97.03,97.19,-5.11,10,22,-12,32
96.65,96.94,97.08,-5.11,10,22,-12,32
96.63,96.9,97.08,-5.08,10,22,-12,32
96.73,97.01,97.18,-5.25,10,22,-12,32
96.58,96.87,97.03,-5.25,10,22,-12,32
96.51,96.8,96.98,-5.4,10,23,-13,33
96.57,96.87,97.13,-4.63,10,23,-13,33
96.69,96.97,97.15,-4.63,10,23,-13,33
96.24,96.52,96.65,-4.93,10,23,-13,33
96.21,96.51,96.71,-1.29,11,22,-11,33
96.28,96.57,96.77,-1.19,11,22,-11,33
96.06,96.34,96.55,-0.9,13,21,-8,34
96.44,96.71,96.92,-0.9,12,21,-9,33
96.41,96.7,96.91,-0.95,13,21,-8,34
96.42,96.69,96.9,-1.45,13,21,-8,34
96.9,97.18,97.39,-0.94,14,21,-7,35
96.94,97.23,97.52,-1.76,12,22,-10,34
96.85,97.15,97.34,-6.76,12,22,-10,34
97.07,97.39,97.62,-6.83,12,22,-10,34
97.03,97.33,97.54,-6.34,13,21,-8,34
96.89,97.19,97.42,-6.82,12,22,-10,34
96.88,97.18,97.38,-6.82,12,22,-10,34
96.9,97.19,97.4,-7.01,11,22,-11,33
96.92,97.2,97.39,-7.01,11,22,-11,33
96.97,97.28,97.39,-7.01,11,22,-11,33
96.88,97.19,97.39,-7.01,11,22,-11,33
96.85,97.15,97.39,-7.01,11,22,-11,33
96.89,97.25,97.34,-7.01,11,22,-11,33
96.85,97.25,97.35,-5.01,12,22,-10,34
96.86,97.17,97.38,-5.01,12,22,-10,34
96.89,97.16,97.4,-5.01,12,22,-10,34
96.89,97.18,97.33,-5.01,12,22,-10,34
96.93,97.19,97.33,-5.01,12,22,-10,34
96.94,97.23,97.43,-5.01,12,22,-10,34
96.82,97.11,97.46,-5.01,12,22,-10,34
96.81,97.1,97.3,-5.02,12,23,-11,35
96.77,97.07,97.28,-5.01,12,22,-10,34
96.8,97.09,97.28,-5.01,12,22,-10,34
96.72,97.03,97.23,-5.01,12,22,-10,34
96.69,97,97.2,-5.01,12,22,-10,34
96.63,96.94,97.15,-9.7,11,23,-12,34
96.65,96.97,97.16,-6.7,11,22,-11,33
96.82,97.12,97.16,-6.7,11,22,-11,33
96.81,97.1,97.3,-7.05,11,22,-11,33
96.88,97.15,97.36,-7.05,11,22,-11,33
96.93,97.2,97.42,-7.03,11,22,-11,33
96.95,97.24,97.45,-7.63,11,22,-11,33
97.09,97.39,97.59,-7.63,11,22,-11,33
97.17,97.46,97.64,-7.68,11,22,-11,33
96.98,97.27,97.57,-7.66,12,22,-10,34
96.98,97.26,97.47,-7.72,10,24,-14,34
96.95,97.27,97.46,-7.66,11,23,-12,34
96.88,97.2,97.43,-7.65,11,23,-12,34
96.97,97.28,97.51,-7.37,10,23,-13,33
96.76,97.05,97.29,-7.65,12,23,-11,35
96.11,96.42,96.63,-7.81,11,24,-13,35
96.39,96.69,96.94,-6.19,12,23,-11,35
96.52,96.84,97.05,-12.97,13,23,-10,36
96.5,96.8,97,-12.92,13,22,-9,35
96.44,96.74,96.95,-11.83,12,23,-11,35
96.52,96.83,97.04,-12.18,13,22,-9,35
96.73,97.04,97.24,-13.08,11,24,-13,35
96.9,97.19,97.41,-12.51,12,21,-9,33
97.15,97.45,97.64,-13.1,12,22,-10,34
97.07,97.38,97.62,-14.05,11,21,-10,32
97.22,97.54,97.74,-14.35,11,22,-11,33
96.98,97.28,97.5,-14,10,23,-13,33
96.93,97.23,97.44,-23.85,13,23,-10,36
96.8,97.1,97.32,-23.85,13,23,-10,36
96.82,97.13,97.35,-23.57,14,22,-8,36
96.85,97.15,97.4,-23.52,13,22,-9,35
96.91,97.21,97.44,-23.51,12,23,-11,35
96.85,97.15,97.39,-23.51,12,23,-11,35
96.8,97.07,97.3,-23.51,12,23,-11,35
96.8,97.13,97.32,-23.51,12,23,-11,35
96.75,97.02,97.27,-23.51,12,23,-11,35
96.7,96.98,97.2,-23.51,12,23,-11,35
96.7,97.02,97.22,-23.41,12,23,-11,35
96.66,96.96,97.2,-23.41,12,23,-11,35
96.64,96.93,97.16,-23.41,12,23,-11,35
96.65,96.94,97.12,-23.41,12,23,-11,35
96.68,96.99,97.17,-23.4,12,22,-10,34
96.66,96.96,97.18,-23.4,12,22,-10,34
96.69,97.01,97.18,-23.4,12,22,-10,34
96.7,96.99,97.18,-23.4,12,22,-10,34
96.66,96.97,97.2,-23.4,12,22,-10,34
96.69,96.99,97.18,-23.4,12,22,-10,34
96.65,96.98,97.15,-23.2,12,22,-10,34
96.55,96.85,97.03,-23.2,12,22,-10,34
96.54,96.84,97.03,-22.79,12,21,-9,33
96.54,96.87,97.12,-22.59,12,21,-9,33
96.58,96.84,97.02,-22.59,12,21,-9,33
96.8,97.14,97.33,-22.68,12,22,-10,34
96.85,97.15,97.35,-23.08,12,22,-10,34
96.83,97.15,97.35,-23.08,12,22,-10,34
96.79,97.1,97.27,-23.04,13,22,-9,35
96.69,96.97,97.19,-23.09,13,22,-9,35
96.73,97.04,97.2,-23.24,13,22,-9,35
96.57,96.92,97.09,-23.14,14,22,-8,36
96.73,97.03,97.28,-23.14,14,22,-8,36
96.61,96.9,97.07,-23.09,14,22,-8,36
96.75,97.04,97.22,-23.09,14,22,-8,36
96.81,97.11,97.38,-23.24,14,22,-8,36
96.66,96.99,97.21,-23.92,13,24,-11,37
96.46,96.79,97.02,-23.94,13,25,-12,38
96.12,96.42,96.65,-22.92,14,24,-10,38
95.57,95.9,96.12,-17.31,15,24,-9,39
95.45,95.77,96,3.7,19,19,0,38
95.1,95.42,95.63,25.18,21,16,5,37
95.03,95.37,95.6,26.72,20,13,7,33
95,95.33,95.58,26.87,20,14,6,34
94.98,95.31,95.55,26.55,19,13,6,32
94.49,94.8,95.03,26.8,19,14,5,33
94.36,94.67,95,8.3,20,13,7,33
94.41,94.74,94.97,18.95,20,14,6,34
94.38,94.69,94.92,18.6,20,13,7,33
94.54,94.85,95.08,19.8,20,12,8,32
94.57,94.88,95.1,19.99,22,11,11,33
94.47,94.84,95.1,19.84,24,10,14,34
94.55,94.87,95.11,19.84,24,10,14,34
94.55,94.86,95.08,19.84,24,10,14,34
94.54,94.78,95.02,19.84,24,10,14,34
94.36,94.61,94.8,19.86,26,10,16,36
94.44,94.74,94.8,19.92,26,10,16,36
94.49,94.8,95.03,19.67,25,11,14,36
94.54,94.85,95.08,19.67,25,11,14,36
94.42,94.7,94.99,19.67,25,11,14,36
94.34,94.61,94.87,19.67,25,11,14,36
94.36,94.66,94.87,18.47,25,11,14,36
94.45,94.73,94.93,18.47,25,11,14,36
94.47,94.79,95.03,18.47,25,11,14,36
94.48,94.78,95.01,22.47,25,11,14,36
94.49,94.8,95.01,22.44,25,11,14,36
94.47,94.8,94.99,22.44,25,11,14,36
94.43,94.74,94.96,22.44,25,11,14,36
94.52,94.83,94.97,22.44,25,11,14,36
94.55,94.86,95.05,22.44,25,11,14,36
94.33,94.65,94.89,22.44,25,11,14,36
94.55,94.85,95.04,23.59,26,11,15,37
94.52,94.81,94.95,26.42,26,12,14,38
94.49,94.8,95.06,23.92,26,12,14,38
94.39,94.71,94.94,23.85,26,13,13,39
94.45,94.72,94.95,23.94,26,12,14,38
94.5,94.8,95.03,23.94,26,12,14,38
94.51,94.8,95.01,25.92,25,13,12,38
94.44,94.72,95,23.65,25,14,11,39
94.55,94.95,95.1,23.74,26,12,14,38
94.42,94.76,94.98,23.93,27,11,16,38
93.31,93.63,93.69,13.32,25,13,12,38
92.85,93.17,93.42,23.25,24,10,14,34
93.47,93.79,94.01,35.27,28,9,19,37
93.22,93.53,93.77,26.88,26,11,15,37
92.94,93.26,93.52,25.55,25,11,14,36
92.81,93.15,93.35,25.78,26,10,16,36
92.44,92.75,93.02,25.5,25,10,15,35
92.7,93.01,93.27,33.43,26,9,17,35
92.52,92.82,93.09,33.98,27,9,18,36
92.6,92.9,93.2,34.4,27,9,18,36
92.92,93.22,93.45,35.4,28,8,20,36
93.25,93.54,93.77,19.98,26,8,18,34
93.2,93.52,93.74,21.89,25,8,17,33
93.2,93.47,93.7,38.19,24,9,15,33
93.35,93.65,93.88,38.19,24,9,15,33
93.36,93.67,93.89,37.39,25,8,17,33
93.37,93.66,93.89,31.39,25,8,17,33
93.38,93.68,93.91,31.39,25,8,17,33
93.36,93.67,93.89,31.19,24,9,15,33
93.43,93.74,93.89,31.19,24,9,15,33
93.46,93.75,93.99,31.19,24,9,15,33
93.45,93.76,93.98,29.39,23,9,14,32
93.47,93.77,93.99,23.39,23,9,14,32
93.44,93.73,93.94,24.59,23,8,15,31
93.29,93.59,93.84,24.43,22,9,13,31
93.33,93.63,93.87,24.43,22,9,13,31
93.32,93.62,93.84,24.43,22,9,13,31
93.33,93.62,93.85,24.43,22,9,13,31
93.34,93.62,93.85,24.43,22,9,13,31
93.27,93.58,93.83,24.43,22,9,13,31
93.26,93.55,93.83,24.43,22,9,13,31
93.11,93.42,93.66,24.43,22,9,13,31
93.09,93.39,93.62,24.43,22,9,13,31
93.2,93.47,93.67,24.43,22,9,13,31
93.12,93.39,93.64,24.43,22,9,13,31
93.07,93.36,93.58,24.43,22,9,13,31
93.01,93.31,93.54,24.43,22,9,13,31
93.19,93.51,93.72,24.63,22,9,13,31
93.11,93.39,93.63,24.86,23,8,15,31
93.18,93.48,93.78,24.8,23,9,14,32
93.14,93.42,93.66,24.83,23,9,14,32
92.95,93.25,93.56,24.83,23,9,14,32
92.78,93.08,93.29,24.86,23,8,15,31
92.77,93.06,93.31,9.66,23,8,15,31
92.89,93.2,93.45,10.06,24,8,16,32
92.95,93.28,93.51,10.06,24,8,16,32
92.67,92.96,93.2,29.76,24,8,16,32
92.37,92.66,92.9,15.24,24,8,16,32
92.41,92.71,92.97,25.32,24,8,16,32
92.32,92.61,92.78,20.02,23,9,14,32
92.36,92.66,92.89,19.72,23,9,14,32
92.38,92.67,92.98,19.73,24,9,15,33
92.31,92.61,92.87,20.38,26,7,19,33
92.34,92.64,92.87,26.88,28,8,20,36
92.45,92.75,92.97,12.1,30,8,22,38
92.72,93.01,93.19,11.68,27,9,18,36
92.96,93.25,93.46,11.62,28,9,19,37
92.65,92.91,93.11,26.61,27,8,19,35
92.71,93.03,93.26,20.51,26,8,18,34
92.86,93.17,93.41,32.51,26,8,18,34
92.87,93.2,93.41,32.51,26,8,18,34
93.03,93.34,93.58,32.51,26,8,18,34
93.05,93.38,93.59,32.51,26,8,18,34
93.02,93.33,93.55,24.01,27,8,19,35
93.05,93.37,93.55,23.61,27,8,19,35
92.88,93.2,93.41,23.61,27,8,19,35
92.93,93.27,93.46,23.6,26,8,18,34
92.81,93.13,93.33,23.6,26,8,18,34
92.86,93.27,93.5,23.6,26,8,18,34
92.77,93.09,93.32,23.6,26,8,18,34
92.78,93.08,93.32,23.5,26,8,18,34
92.83,93.14,93.37,23.5,26,8,18,34
92.83,93.14,93.37,23.5,26,8,18,34
92.8,93.12,93.35,23.5,26,8,18,34
92.79,93.09,93.35,23.3,26,8,18,34
92.82,93.13,93.35,23.3,26,8,18,34
92.86,93.18,93.36,23.5,26,8,18,34
93,93.31,93.59,23.5,26,8,18,34
92.91,93.21,93.44,23.1,26,8,18,34
92.91,93.22,93.44,23.1,26,8,18,34
92.95,93.27,93.5,23.1,26,8,18,34
92.97,93.26,93.5,23.1,26,8,18,34
93.01,93.34,93.51,23.1,26,8,18,34
93.24,93.56,93.83,23.1,26,8,18,34
93.31,93.64,93.91,22.63,25,8,17,33
93.44,93.75,94,22.61,25,9,16,34
93.36,93.68,93.91,21.38,23,10,13,33
93.42,93.72,93.98,21.38,23,10,13,33
93.34,93.65,93.88,21.01,22,10,12,32
93.48,93.78,94.01,16.01,22,10,12,32
93.54,93.86,94.13,16.04,22,10,12,32
93.71,94.03,94.25,16.74,24,7,17,31
93.55,93.87,94.14,17.11,24,7,17,31
93.31,93.62,93.83,17.11,24,7,17,31
93.06,93.37,93.6,17.16,24,7,17,31
93.09,93.4,93.74,17.38,25,7,18,32
92.91,93.22,93.38,8.17,25,7,18,32
93.11,93.42,93.64,8,24,8,16,32
93.07,93.38,93.6,8.27,25,7,18,32
93.02,93.32,93.49,7.96,23,7,16,30
92.66,92.96,93.22,8.76,23,7,16,30
92.89,93.21,93.43,7.55,22,8,14,30
92.94,93.27,93.47,8.9,24,7,17,31
93.13,93.43,93.65,8.91,25,7,18,32
93.15,93.45,93.76,8.1,24,7,17,31
93.36,93.67,93.91,13.06,24,7,17,31
93.37,93.68,93.92,11.91,23,7,16,30
93.46,93.77,94.01,11.9,22,7,15,29
93.59,93.9,94.12,11.9,22,7,15,29
93.5,93.82,94.08,11.59,21,8,13,29
93.55,93.86,94.08,11.18,20,8,12,28
93.52,93.83,94.09,11.18,20,8,12,28
93.46,93.76,94.01,11.18,20,8,12,28
93.43,93.77,94,11.18,20,8,12,28
93.39,93.7,93.94,11.18,20,8,12,28
93.47,93.77,93.94,11.18,20,8,12,28
93.46,93.77,94,11.18,20,8,12,28
93.43,93.76,94.01,11.18,20,8,12,28
93.41,93.72,93.97,11.18,20,8,12,28
93.59,93.91,94.18,11.18,20,8,12,28
93.52,93.86,94.1,11.18,20,8,12,28
93.53,93.82,94.11,11.18,20,8,12,28
93.6,93.91,94.14,11.18,20,8,12,28
93.6,93.91,94.14,11.18,20,8,12,28
93.62,93.92,94.14,11.18,20,8,12,28
93.68,94,94.23,11.18,20,8,12,28
93.74,94.04,94.28,11.15,20,8,12,28
93.68,94,94.26,12.12,19,10,9,29
93.54,93.85,94.1,12.12,19,10,9,29
93.57,93.88,94.09,12.15,20,9,11,29
93.59,93.88,94.06,17.15,20,9,11,29
93.61,93.94,94.18,16.18,19,9,10,28
93.72,94.03,94.31,16.15,19,9,10,28
93.54,93.88,94.11,15.89,18,11,7,29
93.6,93.93,94.19,15.9,19,10,9,29
93.56,93.9,94.15,15.92,19,10,9,29
93.55,93.88,94.15,15.97,19,9,10,28
93.61,93.91,94.17,15.97,19,9,10,28
93.59,93.91,94.2,16.98,19,9,10,28
93.45,93.77,94,16.98,19,9,10,28
93.59,93.9,94.16,16.96,19,10,9,29
93.48,93.85,94.09,17.94,20,10,10,30
93.12,93.44,93.7,16.72,21,10,11,31
93,93.3,93.51,16.76,19,10,9,29
93.4,93.7,93.95,17.85,20,11,9,31
93.34,93.65,93.85,17.76,22,11,11,33
93.18,93.48,93.72,17.41,21,13,8,34
94.06,94.37,94.64,17.04,20,14,6,34
94.17,94.47,94.7,16.09,23,9,14,32
94.25,94.56,94.78,17.88,23,9,14,32
94.4,94.7,94.92,17.86,22,10,12,32
94.32,94.63,94.85,18.06,23,9,14,32
94.18,94.5,94.73,11.96,23,11,12,34
94.19,94.51,94.72,12.06,23,10,13,33
94.14,94.45,94.7,12.06,23,10,13,33
93.99,94.3,94.51,12.06,23,10,13,33
94.08,94.35,94.62,27.06,23,10,13,33
93.96,94.23,94.49,27.06,23,10,13,33
93.96,94.32,94.54,28.06,23,9,14,32
93.98,94.27,94.54,28.06,23,9,14,32
93.96,94.26,94.54,28.06,23,9,14,32
93.96,94.3,94.51,28.06,23,9,14,32
94.02,94.34,94.55,28.06,23,9,14,32
94,94.3,94.55,28.16,24,9,15,33
93.96,94.26,94.49,28.16,24,9,15,33
93.94,94.25,94.48,28.16,24,9,15,33
93.96,94.26,94.47,28.16,24,9,15,33
94,94.32,94.54,28.16,24,9,15,33
93.92,94.23,94.45,28.16,24,9,15,33
93.92,94.18,94.41,28.16,24,9,15,33
93.93,94.22,94.41,28.16,24,9,15,33
93.91,94.21,94.41,28.16,24,9,15,33
93.89,94.2,94.46,28.16,24,9,15,33
93.81,94.13,94.36,28.19,24,9,15,33
93.8,94.08,94.31,28.19,24,9,15,33
93.83,94.13,94.37,28.19,24,9,15,33
93.81,94.11,94.35,28.19,24,9,15,33
94.01,94.32,94.55,28.19,24,9,15,33
94.07,94.39,94.61,28.24,25,9,16,34
94.04,94.35,94.53,28.16,24,9,15,33
93.96,94.26,94.51,28.17,24,9,15,33
94.07,94.36,94.59,28.17,24,9,15,33
93.98,94.29,94.53,28.21,25,9,16,34
94.02,94.39,94.51,28.21,25,9,16,34
93.82,94.14,94.34,28.26,26,8,18,34
93.83,94.14,94.26,28.3,26,8,18,34
93.65,93.9,94.14,12.61,22,9,13,31
93.76,94.07,94.23,12.61,22,9,13,31
93.65,93.97,94.33,12.61,22,9,13,31
93.72,94.05,94.34,12.65,22,9,13,31
93.96,94.27,94.5,13.1,23,8,15,31
93.82,94.16,94.4,13.2,23,8,15,31
94.04,94.36,94.59,13.85,22,9,13,31
93.89,94.2,94.43,14.41,25,8,17,33
94.01,94.34,94.6,12.62,23,8,15,31
94.02,94.36,94.55,12.65,23,9,14,32
94.05,94.36,94.6,14.23,23,8,15,31
94.27,94.57,94.81,14.26,24,7,17,31
94.4,94.72,94.94,14.17,22,8,14,30
94.59,94.91,95.16,14.09,22,8,14,30
94.53,94.85,95.12,5.87,22,9,13,31
94.52,94.84,95.06,5.87,21,10,11,31
94.57,94.92,95.17,6.27,21,9,12,30
94.56,94.86,95.13,6.27,21,9,12,30
94.59,94.9,95.14,5.27,20,9,11,29
94.55,94.86,95.11,5.27,20,9,11,29
94.46,94.81,95.11,5.27,20,9,11,29
94.47,94.79,95.11,5.27,20,9,11,29
94.49,94.82,95.04,5.27,20,9,11,29
94.46,94.78,95.04,5.27,20,9,11,29
94.35,94.66,94.9,5.27,20,9,11,29
94.34,94.67,94.89,5.27,20,9,11,29
94.41,94.69,94.9,15.27,20,9,11,29
94.37,94.71,94.9,15.27,20,9,11,29
94.31,94.64,94.88,15.27,20,9,11,29
94.51,94.83,95.04,15.27,20,9,11,29
94.36,94.67,94.93,15.27,20,9,11,29
94.38,94.7,94.91,15.27,20,9,11,29
94.32,94.65,94.94,15.27,20,9,11,29
94.4,94.72,94.94,15.27,20,9,11,29
94.39,94.72,94.95,15.27,20,9,11,29
94.38,94.72,94.99,15.27,20,9,11,29
94.38,94.7,94.93,15.27,20,9,11,29
94.26,94.6,94.84,15.27,20,9,11,29
94.22,94.54,94.74,15.12,20,9,11,29
94.26,94.59,94.83,15,19,9,10,28
94.35,94.68,94.92,15,19,9,10,28
94.45,94.75,95.03,15,19,9,10,28
94.46,94.78,94.99,14.94,19,9,10,28
94.54,94.89,95.15,4.94,19,9,10,28
94.56,94.9,95.05,4.91,19,9,10,28
94.55,94.88,95.04,4.92,19,9,10,28
94.43,94.76,95.02,4.92,19,9,10,28
94.52,94.85,95.14,4.82,19,10,9,29
94.37,94.71,94.88,4.82,19,10,9,29
94.45,94.77,94.97,4.85,19,10,9,29
94.2,94.52,94.76,4.9,20,9,11,29
94.18,94.5,94.74,3.35,19,10,9,29
94.33,94.65,94.91,5.05,20,9,11,29
94.28,94.59,94.86,5.05,20,9,11,29
94.05,94.36,94.62,5.05,20,9,11,29
93.4,93.74,94.04,4.44,18,11,7,29
93.27,93.59,93.76,4.8,20,10,10,30
93.55,93.86,94.12,5.16,21,9,12,30
93.4,93.73,94,5.75,22,8,14,30
93.56,93.9,94.15,5.63,21,9,12,30
93.44,93.78,94.03,5.5,21,10,11,31
93.35,93.68,93.94,6.7,21,10,11,31
93.24,93.59,93.83,1.9,20,11,9,31
93.47,93.81,94.05,3.2,20,10,10,30
93.45,93.78,94.05,3.44,20,9,11,29
93.47,93.81,94.06,3.43,20,9,11,29
93.49,93.81,94.05,3.43,20,9,11,29
93.51,93.85,94.07,3.43,20,9,11,29
93.46,93.79,94.07,3.33,20,10,10,30
93.48,93.81,94.05,3.33,20,10,10,30
93.48,93.75,94.03,3.33,20,10,10,30
93.41,93.73,94.03,3.33,20,10,10,30
93.32,93.67,93.87,3.33,20,10,10,30
93.35,93.76,93.95,3.33,20,10,10,30
93.28,93.63,93.89,3.33,20,10,10,30
93.28,93.62,93.87,5.33,20,9,11,29
93.33,93.66,93.92,5.33,20,9,11,29
93.36,93.69,93.95,5.33,20,9,11,29
93.31,93.63,93.91,5.33,20,9,11,29
93.27,93.62,93.9,5.33,20,9,11,29
93.18,93.51,93.76,5.33,20,9,11,29
93.21,93.52,93.76,5.34,20,9,11,29
93.24,93.56,93.8,20.34,20,9,11,29
93.17,93.5,93.76,20.34,20,9,11,29
93.13,93.48,93.65,20.34,20,9,11,29
92.95,93.28,93.53,20.34,20,9,11,29
93.03,93.39,93.62,20.56,21,8,13,29
92.95,93.3,93.5,20.64,20,9,11,29
92.76,93.1,93.35,20.67,22,8,14,30
92.39,92.73,92.98,20.55,22,8,14,30
92.48,92.83,93.06,21.18,21,9,12,30
92.57,92.9,93.16,21.06,22,8,14,30
92.5,92.83,93.08,21.06,22,8,14,30
92.34,92.66,92.89,21.06,22,8,14,30
92.12,92.48,92.74,21.1,22,8,14,30
92.04,92.38,92.68,21.24,23,8,15,31
91.89,92.24,92.53,12.18,26,7,19,33
91.47,91.82,92.07,14.78,27,7,20,34
91.34,91.66,91.97,13.82,27,6,21,33
91.15,91.51,91.79,13.06,25,8,17,33
90.61,90.95,91.24,13.69,28,7,21,35
90.74,91.1,91.38,29.46,27,6,21,33
91.18,91.53,91.79,28.2,26,5,21,31
90.95,91.3,91.57,28.72,27,5,22,32
91,91.35,91.64,28.52,26,6,20,32
90.97,91.34,91.63,31.92,27,5,22,32
91.32,91.66,91.97,32.87,27,5,22,32
91.25,91.57,91.85,29.57,26,5,21,31
91.17,91.5,91.8,29.62,26,5,21,31
91.06,91.38,91.67,29.62,26,5,21,31
90.96,91.28,91.57,29.52,27,5,22,32
90.97,91.31,91.55,29.52,27,5,22,32
90.85,91.19,91.5,21.22,27,5,22,32
90.66,91,91.5,21.22,27,5,22,32
90.71,91.05,91.32,21.22,27,5,22,32
90.5,90.83,91.12,21.22,27,5,22,32
90.66,91,91.19,21.22,27,5,22,32
90.56,90.88,91.15,21.22,27,5,22,32
90.6,90.96,91.17,21.22,27,5,22,32
90.58,90.9,91.17,21.22,27,5,22,32
90.53,90.88,91.12,21.22,27,5,22,32
90.33,90.66,91,21.22,27,5,22,32
90.01,90.36,90.6,15.95,26,6,20,32
89.54,89.85,90.15,7.93,25,6,19,31
89.46,89.78,90.09,19.92,24,6,18,30
88.9,89.22,89.43,19.92,24,6,18,30
88.95,89.28,89.56,3.92,25,7,18,32
88.93,89.24,89.5,8.92,25,6,19,31
88.71,89.05,89.35,8.92,25,6,19,31
88.93,89.25,89.54,8.92,25,6,19,31
89.09,89.38,89.67,8.92,25,6,19,31
89.14,89.46,89.75,11.02,25,6,19,31
89.19,89.49,89.78,9.71,24,6,18,30
89.07,89.4,89.68,9.71,24,6,18,30
89.01,89.34,89.64,9.72,24,6,18,30
88.84,89.16,89.45,9.89,24,7,17,31
88.63,88.99,89.25,9.43,22,9,13,31
88.58,88.93,89.22,9.78,23,8,15,31
88.42,88.74,89.03,9.88,23,7,16,30
88.83,89.2,89.51,9.44,23,7,16,30
89,89.34,89.63,9.56,23,6,17,29
89.45,89.78,90.06,9.21,22,7,15,29
89.77,90.12,90.41,9.21,22,7,15,29
89.66,90,90.29,9.05,22,8,14,30
89.28,89.59,89.91,9,22,8,14,30
89.12,89.45,89.74,9.01,22,8,14,30
88.81,89.13,89.41,9.52,22,8,14,30
88.1,88.43,88.73,9.42,23,7,16,30
88.41,88.75,89.03,9.52,23,6,17,29
88.45,88.78,89.03,9.52,23,6,17,29
88.94,89.27,89.56,8.62,23,6,17,29
88.85,89.16,89.45,8.62,23,6,17,29
88.74,89.06,89.37,7.62,22,6,16,28
88.91,89.25,89.5,7.62,22,6,16,28
88.74,89.07,89.31,7.62,22,6,16,28
88.43,88.75,89.01,7.42,22,7,15,29
88.46,88.79,89.08,7.42,22,7,15,29
88.04,88.36,88.62,7.65,23,6,17,29
88.1,88.38,88.6,7.67,23,6,17,29
87.5,87.8,88.07,7.64,23,6,17,29
87.39,87.72,87.99,8.28,25,6,19,31
87.27,87.6,87.88,8.45,26,6,20,32
87.21,87.51,87.78,9.19,25,7,18,32
87.26,87.59,87.83,9.19,25,7,18,32
87.27,87.61,87.9,9.19,25,7,18,32
87.2,87.54,87.81,9.19,25,7,18,32
86.71,87.03,87.42,9.19,25,7,18,32
86.57,86.95,87.18,9.15,25,8,17,33
86.26,86.58,86.86,9.15,25,8,17,33
86.6,86.93,87.2,9.15,25,8,17,33
86.9,87.24,87.52,9.12,25,8,17,33
86.84,87.19,87.34,9.12,25,8,17,33
87.02,87.34,87.67,9.12,25,8,17,33
87.35,87.69,87.93,9.19,26,7,19,33
87.58,87.95,88.19,9.19,26,7,19,33
87.74,88.07,88.3,9.19,26,7,19,33
87.84,88.19,88.47,8.19,25,7,18,32
88.05,88.37,88.66,8.17,24,7,17,31
87.73,88.07,88.38,8.18,24,7,17,31
87.94,88.3,88.58,7.18,23,7,16,30
87.58,87.92,88.2,7.08,23,8,15,31
87.68,88.03,88.3,7.18,23,7,16,30
87.91,88.25,88.54,7.18,23,7,16,30
88.01,88.35,88.6,7.25,23,7,16,30
88.5,88.8,89.14,7.25,23,7,16,30
88.29,88.64,88.92,7.25,23,7,16,30
88.11,88.46,88.73,7.25,23,7,16,30
88.54,88.88,89.13,7.25,23,7,16,30
88.55,88.87,89.14,7.48,22,8,14,30
88.41,88.78,89.02,7.48,22,8,14,30
88.47,88.79,89.05,7.08,22,8,14,30
88.35,88.68,88.95,7.11,23,8,15,31
88.24,88.58,88.87,7.08,22,8,14,30
87.73,88.04,88.31,7.11,22,7,15,29
88.19,88.5,88.75,6.9,20,8,12,28
88.03,88.35,88.65,6.9,20,8,12,28
88.33,88.64,88.9,7.19,21,9,12,30
88.26,88.58,88.89,7.16,21,9,12,30
88.25,88.56,88.82,6.87,20,8,12,28
88.59,88.9,89.09,7.13,21,7,14,28
88.67,88.99,89.25,7.13,21,7,14,28
88.69,89,89.25,6.9,20,8,12,28
88.52,88.84,89.1,7.3,21,7,14,28
88.7,89.01,89.3,7.48,20,8,12,28
88.77,89.09,89.35,7.43,20,9,11,29
88.76,89.08,89.34,7.03,20,9,11,29
88.88,89.18,89.53,7.03,20,9,11,29
88.85,89.16,89.45,7.08,20,8,12,28
88.96,89.26,89.55,7.1,21,7,14,28
88.96,89.28,89.54,7.1,21,7,14,28
88.95,89.27,89.64,7.11,22,7,15,29
88.92,89.24,89.55,7.11,22,7,15,29
88.88,89.18,89.55,7.11,22,7,15,29
88.84,89.15,89.48,7.1,21,7,14,28
88.81,89.12,89.43,7.1,21,7,14,28
88.83,89.15,89.41,7.1,21,7,14,28
88.95,89.26,89.47,7.1,21,7,14,28
88.81,89.16,89.44,7.1,21,7,14,28
88.65,88.94,89.44,7.1,21,7,14,28
88.69,89.02,89.31,7.1,21,7,14,28
88.71,89.01,89.3,7.1,21,7,14,28
88.67,88.99,89.25,7.1,21,7,14,28
88.76,89.08,89.35,7.1,21,7,14,28
88.6,88.91,89.24,7.05,21,7,14,28
88.64,88.95,89.23,7.05,21,7,14,28
88.69,89.02,89.23,7.05,21,7,14,28
88.74,89.04,89.32,7.05,21,7,14,28
88.35,88.65,88.88,7.05,21,7,14,28
88.19,88.51,88.8,7.05,21,7,14,28
88.34,88.65,88.92,7.05,21,7,14,28
88.08,88.39,88.66,7.05,21,7,14,28
88.02,88.33,88.6,7.05,21,7,14,28
88.09,88.39,88.64,7.05,21,7,14,28
87.99,88.32,88.59,7.05,21,7,14,28
87.71,88.04,88.27,7.05,21,7,14,28
87.5,87.81,88.07,7.05,21,7,14,28
87.53,87.82,88.01,7.32,22,6,16,28
87.8,88.08,88.34,7.3,22,6,16,28
87.8,88.09,88.33,7.35,22,6,16,28
87.81,88.11,88.34,7.35,22,6,16,28
87.82,88.12,88.35,7.35,22,6,16,28
87.33,87.62,87.87,7.35,22,6,16,28
87.07,87.36,87.63,7.42,22,6,16,28
86.9,87.2,87.43,7.44,23,6,17,29
86.14,86.43,86.67,7.44,23,6,17,29
86.56,86.86,87.1,7.21,25,7,18,32
86.82,87.14,87.39,7.09,24,8,16,32
86.67,86.98,87.22,7.03,23,8,15,31
86.67,86.95,87.17,7.05,23,8,15,31
86.79,87.08,87.32,7.05,23,8,15,31
86.75,87.04,87.26,7.05,23,8,15,31
86.73,87.02,87.26,7.05,23,8,15,31
86.48,86.75,87,7.05,23,8,15,31
86.44,86.72,87,7.05,23,8,15,31
86.37,86.69,86.9,7.05,23,8,15,31
86.5,86.78,86.93,7.05,23,8,15,31
86.08,86.37,86.61,7.05,23,8,15,31
86.18,86.46,86.68,7.25,23,7,16,30
86.32,86.58,86.8,7.3,24,7,17,31
86.16,86.43,86.71,7.22,23,8,15,31
85.85,86.15,86.38,7.22,23,8,15,31
85.68,86,86.27,8.02,24,8,16,32
85.9,86.19,86.38,8.04,25,8,17,33
86.28,86.56,86.79,8.04,25,8,17,33
86.23,86.51,86.73,6.04,24,9,15,33
86.5,86.78,86.96,7.04,24,8,16,32
86.81,87.1,87.34,6.89,23,9,14,32
86.79,87.08,87.31,7.04,24,8,16,32
86.52,86.83,87.14,6.89,23,9,14,32
86.43,86.7,86.99,6.87,22,9,13,31
86.62,86.9,87.04,6.85,22,9,13,31
86.62,86.91,87.12,6.85,22,9,13,31
86.65,86.9,87.16,6.85,22,9,13,31
86.75,87.03,87.26,6.85,22,9,13,31
86.9,87.19,87.44,6.85,22,9,13,31
86.86,87.15,87.38,7,23,8,15,31
87.41,87.7,87.95,7,23,9,14,32
87.67,87.95,88.22,7,23,8,15,31
87.65,87.94,88.15,7,23,8,15,31
87.54,87.83,88.09,6.99,23,9,14,32
87.62,87.92,88.21,6.92,24,9,15,33
87.82,88.1,88.36,6.92,24,9,15,33
87.86,88.14,88.34,6.88,23,10,13,33
87.97,88.24,88.46,6.88,23,10,13,33
87.32,87.63,87.83,6.92,23,9,14,32
87.2,87.47,87.7,6.93,23,8,15,31
87.19,87.46,87.65,7.03,23,7,16,30
86.66,86.94,87.16,7.02,23,7,16,30
87.12,87.39,87.6,7.04,23,7,16,30
87.53,87.83,88.06,7.02,23,7,16,30
87.61,87.87,88.09,7.02,23,7,16,30
87.69,87.96,88.2,7,22,8,14,30
88.07,88.36,88.56,7.02,22,8,14,30
88.05,88.33,88.52,7.02,22,8,14,30
87.46,87.73,87.9,7.02,22,8,14,30
87.75,88.03,88.23,7.04,23,7,16,30
88.05,88.31,88.46,7,22,8,14,30
88.39,88.66,88.82,7.01,22,7,15,29
88.46,88.74,88.92,6.94,23,8,15,31
88.29,88.56,88.73,6.94,23,8,15,31
88.24,88.52,88.73,6.94,23,8,15,31
88.42,88.61,88.77,6.94,23,8,15,31
88.32,88.58,88.76,6.84,23,8,15,31
88.34,88.6,88.8,6.84,23,8,15,31
88.15,88.42,88.63,6.84,23,8,15,31
88.22,88.45,88.57,6.84,23,8,15,31
88.16,88.44,88.57,6.8,23,9,14,32
88.04,88.32,88.5,6.8,23,9,14,32
88.18,88.42,88.66,6.8,23,9,14,32
88.1,88.37,88.53,6.9,23,9,14,32
88.06,88.32,88.58,7,23,8,15,31
88.21,88.38,88.61,7,23,8,15,31
88.02,88.29,88.49,7,23,8,15,31
87.98,88.24,88.43,7,23,8,15,31
88.08,88.35,88.55,7,23,8,15,31
88.1,88.34,88.54,7,23,8,15,31
88.11,88.35,88.54,7,23,8,15,31
88.28,88.55,88.77,7,23,8,15,31
88.54,88.73,88.98,7,23,8,15,31
88.45,88.74,88.94,7,23,8,15,31
88.43,88.68,88.89,7,23,8,15,31
88.51,88.76,88.92,7,23,8,15,31
88.42,88.67,88.93,7,23,8,15,31
88.45,88.73,88.99,7,23,8,15,31
88.31,88.58,88.82,7,23,8,15,31
88.62,88.92,89.14,7,23,8,15,31
88.55,88.86,89.01,7,23,8,15,31
88.73,89,89.21,7,23,8,15,31
88.44,88.69,88.91,7,23,8,15,31
88.18,88.45,88.66,7,23,8,15,31
88.23,88.48,88.72,7,23,8,15,31
88.18,88.46,88.67,7,23,8,15,31
87.94,88.2,88.41,7,23,8,15,31
88.04,88.29,88.48,0,21,8,13,29
88.09,88.35,88.56,0,21,8,13,29
88.02,88.3,88.52,0,21,8,13,29
87.8,88.09,88.29,0,21,8,13,29
88,88.27,88.49,0,21,8,13,29
88.03,88.3,88.52,0,21,8,13,29
87.93,88.19,88.41,0,21,8,13,29
87.81,88.08,88.29,0,21,8,13,29
87.99,88.26,88.5,0,21,8,13,29
88.01,88.27,88.49,0,21,8,13,29
87.92,88.17,88.41,0,21,8,13,29
87.9,88.19,88.39,0,21,8,13,29
87.85,88.1,88.32,0,21,8,13,29
87.94,88.2,88.42,-0.01,20,8,12,28
87.96,88.24,88.41,-0.01,20,8,12,28
88,88.27,88.41,-0.01,20,8,12,28
87.95,88.24,88.43,0,19,7,12,26
88.1,88.35,88.43,0,19,7,12,26
88.01,88.23,88.5,0,19,7,12,26
87.95,88.22,88.44,0,19,7,12,26
88.04,88.37,88.59,0,19,7,12,26
88.23,88.49,88.6,0,19,7,12,26
88.27,88.52,88.72,0,19,7,12,26
88.3,88.61,88.8,0,19,7,12,26
88.5,88.75,88.9,0,19,7,12,26
88.42,88.68,88.9,0,19,7,12,26
88.42,88.73,88.93,0,19,7,12,26
88.51,88.79,89.01,0,19,7,12,26
88.32,88.57,88.77,0,19,7,12,26
88.26,88.44,88.79,0,19,7,12,26
88.14,88.33,88.65,0,19,7,12,26
88.12,88.38,88.58,0,19,7,12,26
87.81,88.05,88.25,0,19,7,12,26
88.04,88.35,88.56,0,19,7,12,26
88.15,88.43,88.65,0,19,7,12,26
88.4,88.66,88.91,0,19,7,12,26
88.58,88.88,89.09,0,19,7,12,26
88.59,88.94,89.16,0,19,7,12,26
88.63,89.02,89.23,0,19,7,12,26
88.7,89.02,89.25,0,19,7,12,26
88.6,88.91,89.14,0,19,7,12,26
89,89.34,89.58,0,19,7,12,26
88.87,89.09,89.32,0,19,7,12,26
88.36,88.67,88.9,0,19,7,12,26
88.15,88.52,88.77,0,19,7,12,26
87.9,88.13,88.38,0,19,7,12,26
87.96,88.41,88.68,0,19,7,12,26
88.2,88.41,88.65,0,19,7,12,26
88.48,88.72,88.96,0,19,7,12,26
88.47,88.68,88.93,0,19,7,12,26
88.54,88.87,89.11,0,19,7,12,26
88.35,88.69,88.94,0,19,7,12,26
88.53,88.88,89.12,0,19,7,12,26
88.81,89.22,89.48,0,19,7,12,26
89.2,89.46,89.58,4.6,12,13,-1,25
88.92,89.19,89.26,4.6,12,13,-1,25
88.83,89.06,89.18,4.9,13,12,1,25
88.75,89.02,89.18,4.9,13,12,1,25
88.85,89.13,89.25,4.92,14,11,3,25
88.68,88.96,89.1,4.92,14,11,3,25
88.73,88.98,89.15,4.92,14,11,3,25
88.61,88.85,89.02,4.92,14,11,3,25
88.55,88.88,89.02,4.92,14,11,3,25
88.59,88.89,89,4.92,14,11,3,25
88.41,88.72,88.88,4.62,14,12,2,26
88.49,88.7,88.9,4.62,14,12,2,26
88.17,88.47,88.62,4.62,14,12,2,26
88.14,88.46,88.6,4.62,14,12,2,26
88.12,88.41,88.57,4.92,14,11,3,25
87.92,88.19,88.28,4.92,14,11,3,25
88.26,88.54,88.66,4.92,14,11,3,25
88.35,88.65,88.81,4.92,14,11,3,25
88.32,88.6,88.7,4.82,14,11,3,25
88.48,88.69,88.86,5.72,14,10,4,24
88.58,88.85,89,5.72,14,10,4,24
88.42,88.72,88.84,5.82,14,10,4,24
88.4,88.67,88.81,5.91,13,11,2,24
88.02,88.29,88.4,5.95,13,12,1,25
88.39,88.69,88.78,6.05,13,12,1,25
88.22,88.5,88.66,5.96,13,12,1,25
88.57,88.86,88.98,6,13,12,1,25
88.34,88.62,88.79,5.94,13,12,1,25
88.92,89.21,89.26,6.09,14,11,3,25
89.26,89.54,89.66,5.94,14,11,3,25
89.18,89.4,89.54,5.83,13,12,1,25
89.04,89.32,89.45,5.72,13,13,0,26
88.81,89.07,89.21,5.83,13,12,1,25
88.92,89.19,89.31,5.63,13,13,0,26
89.16,89.44,89.59,5.73,13,12,1,25
89.21,89.49,89.6,-4.41,12,14,-2,26
89.39,89.67,89.78,5.29,12,13,-1,25
89.37,89.66,89.79,5.07,13,12,1,25
89.32,89.6,89.76,4.68,14,13,1,27
89.4,89.66,89.76,4.98,15,12,3,27
89.57,89.79,89.92,3.88,15,13,2,28
89.53,89.8,89.96,3.92,15,12,3,27
89.48,89.77,89.88,3.92,14,12,2,26
89.4,89.68,89.88,3.92,14,12,2,26
89.33,89.63,89.77,3.92,14,12,2,26
89.31,89.65,89.72,3.9,13,13,0,26
89.33,89.52,89.72,4.1,13,13,0,26
89.53,89.85,89.72,4.15,15,12,3,27
89.38,89.62,89.72,4.19,15,12,3,27
89.37,89.65,89.72,4.15,15,12,3,27
89.32,89.55,89.72,4.15,15,12,3,27
89.53,89.75,89.72,4.15,15,12,3,27
89.55,89.76,89.72,4.15,15,12,3,27
89.65,89.94,89.99,3.85,14,13,1,27
89.62,89.89,90.01,3.85,14,13,1,27
89.67,89.97,90.01,3.85,14,13,1,27
89.81,90.12,90.12,3.85,14,13,1,27
89.76,90.04,90.12,3.95,14,13,1,27
89.59,89.87,90.12,3.95,14,13,1,27
89.68,89.94,90.11,8.95,15,13,2,28
89.72,89.97,90.08,8.94,14,13,1,27
89.48,89.72,89.84,8.95,14,13,1,27
89.75,90.02,90.05,8.95,14,13,1,27
89.85,90.08,90.27,8.95,14,13,1,27
89.92,90.18,90.28,10.25,14,12,2,26
89.84,90.09,90.28,10.25,14,12,2,26
89.71,89.93,90.01,10.24,14,12,2,26
89.63,89.86,90.03,9.55,14,14,0,28
89.59,89.91,90.01,9.55,14,14,0,28
89.46,89.72,89.83,9.5,14,15,-1,29
89.35,89.61,89.88,9.49,14,16,-2,30
89.82,90.07,90.15,4.58,12,16,-4,28
89.85,90.08,90.19,4.15,13,15,-2,28
90.33,90.55,90.62,4.35,13,15,-2,28
90.19,90.46,90.57,4.54,13,15,-2,28
90.58,90.83,90.96,3.7,15,16,-1,31
90.94,91.19,91.37,-4.6,14,14,0,28
90.77,91.05,91.12,-4.87,12,15,-3,27
91.02,91.26,91.38,-4.92,11,16,-5,27
91.2,91.45,91.44,-4.7,12,16,-4,28
91.3,91.57,91.61,-4.53,12,15,-3,27
91.43,91.68,91.76,-4.79,13,16,-3,29
91.46,91.72,91.78,-4.21,13,16,-3,29
91.58,91.81,91.86,-4.4,12,17,-5,29
91.59,91.84,91.86,-5.49,12,19,-7,31
91.53,91.78,91.97,-5.17,13,17,-4,30
91.65,91.84,91.93,-5.11,13,17,-4,30
91.61,91.97,92,-5.12,13,17,-4,30
91.58,91.85,91.91,-5.11,13,16,-3,29
91.58,91.83,91.88,-5.41,12,17,-5,29
91.53,91.82,91.9,-5.41,12,17,-5,29
91.51,91.76,91.86,-5.51,12,18,-6,30
91.5,91.76,91.86,-5.51,12,18,-6,30
91.53,91.77,91.79,-5.01,12,17,-5,29
91.57,91.81,91.82,-5.01,12,17,-5,29
91.65,91.87,91.82,-5.01,12,17,-5,29
91.78,92.05,92.13,-5.01,12,17,-5,29
91.87,92.12,92.13,-5.01,12,17,-5,29
91.94,92.16,92.25,-5.01,12,17,-5,29
91.84,92.08,92.25,-15.01,12,17,-5,29
91.81,92.03,92.25,-14.96,12,17,-5,29
91.95,92.2,92.17,-14.96,12,17,-5,29
91.91,92.16,92.17,-14.94,12,17,-5,29
91.75,92,92.06,-14.94,12,17,-5,29
91.79,92.05,92.15,-14.94,12,17,-5,29
91.88,92.13,92.2,-14.96,12,17,-5,29
91.5,91.73,91.86,-14.96,12,17,-5,29
91.44,91.69,91.72,-14.94,12,17,-5,29
91.48,91.73,91.75,-14.44,12,16,-4,28
91.66,91.89,91.91,-14.44,12,16,-4,28
91.64,91.88,91.98,-14.96,12,17,-5,29
91.67,91.92,91.95,-14.94,12,17,-5,29
91.78,92.02,92.15,-14.94,13,18,-5,31
91.81,92.09,92.12,-14.95,12,18,-6,30
91.51,91.75,91.9,-15.55,12,19,-7,31
91.38,91.63,91.7,-13.65,13,17,-4,30
91.8,92.09,92.18,-13.48,14,18,-4,32
91.85,92.1,92.2,-14.29,14,18,-4,32
91.32,91.62,91.74,-21.8,14,20,-6,34
91.52,91.75,91.85,-21.1,13,21,-8,34
91.56,91.83,91.93,-21.06,13,21,-8,34
91.42,91.67,91.8,-21.05,13,20,-7,33
92.1,92.35,92.49,-21.04,13,20,-7,33
92.24,92.49,92.58,-22.32,13,19,-6,32
92.47,92.73,92.79,-23.08,13,20,-7,33
92.48,92.74,92.85,-23.66,13,23,-10,36
92.97,93.24,93.31,-23.74,13,24,-11,37
93.42,93.68,93.72,-23.2,13,22,-9,35
93.65,93.92,94,-23.27,13,21,-8,34
93.28,93.56,93.58,-31.66,13,20,-7,33
93.22,93.47,93.5,-31.65,15,18,-3,33
93.26,93.52,93.62,-31.66,14,19,-5,33
93.31,93.56,93.73,-31.69,14,19,-5,33
93.31,93.56,93.54,-24.71,13,19,-6,32
93.22,93.54,93.6,-24.71,13,19,-6,32
93.27,93.53,93.5,-24.71,13,19,-6,32
93.25,93.53,93.57,-24.71,13,19,-6,32
93.29,93.55,93.61,-24.71,13,19,-6,32
93.28,93.53,93.6,-24.71,13,19,-6,32
93.32,93.57,93.58,-24.71,13,19,-6,32
93.41,93.68,93.71,-24.71,13,19,-6,32
93.49,93.75,93.81,-24.71,13,19,-6,32
93.46,93.7,93.76,-24.71,13,19,-6,32
93.29,93.52,93.74,-24.71,13,19,-6,32
93.32,93.62,93.65,-24.71,13,19,-6,32
93.15,93.4,93.44,-24.71,13,19,-6,32
93.18,93.44,93.46,-24.71,13,19,-6,32
93.19,93.54,93.6,-24.72,13,20,-7,33
93.03,93.28,93.35,-24.72,13,20,-7,33
92.92,93.18,93.24,-24.72,13,20,-7,33
93.06,93.36,93.38,-24.72,13,20,-7,33
93.2,93.45,93.39,-24.7,13,18,-5,31
93.24,93.49,93.62,-24.71,13,19,-6,32
92.95,93.2,93.24,-24.71,13,19,-6,32
93.01,93.25,93.33,-24.7,13,18,-5,31
93.13,93.41,93.45,-25.3,12,19,-7,31
92.95,93.23,93.28,-25.71,12,20,-8,32
92.98,93.22,93.28,-25.71,12,20,-8,32
93.1,93.35,93.32,-24.81,10,22,-12,32
93.01,93.27,93.32,-24.82,10,23,-13,33
92.98,93.24,93.3,-24.82,10,23,-13,33
92.99,93.26,93.31,-24.82,10,23,-13,33
93.35,93.61,93.7,-24.81,10,22,-12,32
93.11,93.37,93.45,-24.85,10,23,-13,33
93.29,93.55,93.56,-24.85,10,23,-13,33
93.21,93.48,93.5,-24.76,11,21,-10,32
93.3,93.53,93.62,-24.75,11,20,-9,31
93.23,93.48,93.46,-25.07,13,21,-8,34
93.32,93.56,93.61,-25.29,12,21,-9,33
92.87,93.11,93.18,-25.27,14,20,-6,34
92.46,92.76,92.81,-25.31,12,22,-10,34
92.78,93.03,93.11,-24.22,12,19,-7,31
92.82,93.09,93.13,-22.97,13,17,-4,30
92.96,93.23,93.21,-21.96,13,17,-4,30
93.2,93.45,93.5,-23.22,12,18,-6,30
92.96,93.21,93.26,-22.22,13,18,-5,31
92.71,92.99,92.98,-22.23,13,18,-5,31
92.88,93.12,93.16,-22.01,14,15,-1,29
92.91,93.14,93.17,-22.04,12,17,-5,29
92.73,92.98,93,-22.06,11,17,-6,28
92.89,93.14,93,-24.25,12,17,-5,29
92.78,93.06,93,-24.25,12,17,-5,29
92.66,92.88,92.88,-24.25,12,17,-5,29
92.64,92.88,92.93,-24.25,12,17,-5,29
92.71,92.94,93.04,-24.25,12,17,-5,29
92.64,92.88,92.93,-24.25,12,17,-5,29
92.55,92.8,92.91,-24.25,12,17,-5,29
92.65,92.86,92.89,-23.25,12,16,-4,28
92.58,92.92,92.9,-23.25,12,16,-4,28
92.59,92.79,92.84,-23.25,12,16,-4,28
92.62,92.82,92.84,-23.25,12,16,-4,28
92.67,92.94,93.01,-23.25,12,16,-4,28
92.65,92.89,93.01,-23.22,13,16,-3,29
92.63,92.87,92.86,-23.22,13,16,-3,29
92.66,92.87,92.86,-23.22,13,16,-3,29
92.68,92.95,92.98,-23.24,13,17,-4,30
92.6,92.83,92.88,-23.21,13,17,-4,30
92.55,92.74,92.78,-22.01,13,17,-4,30
92.73,92.96,92.97,-22.01,13,17,-4,30
92.72,92.96,92.98,-21.65,13,18,-5,31
93.22,93.44,93.46,-21.65,13,18,-5,31
92.95,93.18,93.14,-22.19,13,19,-6,32
93.09,93.33,93.34,-21.29,13,18,-5,31
93.22,93.45,93.33,-21.81,12,20,-8,32
93.4,93.6,93.62,-21.32,12,18,-6,30
93.37,93.59,93.62,-21.84,11,20,-9,31
93.34,93.57,93.63,-23.84,10,20,-10,30
93.4,93.59,93.6,-23.84,10,20,-10,30
93.29,93.51,93.52,-24,10,21,-11,31
93.31,93.51,93.58,-23.96,11,19,-8,30
93.36,93.55,93.59,-23.79,11,20,-9,31
93.34,93.57,93.58,-23.74,11,21,-10,32
93.55,93.82,93.78,-23.73,12,21,-9,33
93.52,93.74,93.65,-24.42,9,25,-16,34
93.62,93.84,93.87,-24.22,11,22,-11,33
94.19,94.39,94.35,-24.47,9,25,-16,34
94.02,94.21,94.21,-13.49,10,25,-15,35
93.93,94.15,94.17,-14.41,11,23,-12,34
93.94,94.11,94.1,-25.39,11,24,-13,35
94.09,94.34,94.29,-24.39,12,23,-11,35
94.21,94.4,94.39,-26.07,12,24,-12,36
94.47,94.69,94.67,-24.84,12,24,-12,36
94.46,94.68,94.67,-19.88,12,24,-12,36
94.3,94.51,94.55,-24.68,13,23,-10,36
94.2,94.41,94.41,-24.15,13,24,-11,37
94.28,94.5,94.46,-24.41,11,24,-13,35
94.4,94.59,94.57,-24.39,11,25,-14,36
94.47,94.7,94.62,-24.39,11,25,-14,36
94.42,94.6,94.59,-24.39,11,25,-14,36
94.42,94.65,94.64,-24.39,11,25,-14,36
94.43,94.67,94.64,-24.39,11,25,-14,36
94.33,94.68,94.64,-24.39,11,25,-14,36
94.38,94.59,94.53,-24.39,11,25,-14,36
94.37,94.57,94.56,-24.39,11,25,-14,36
94.34,94.55,94.56,-24.39,11,25,-14,36
94.34,94.56,94.56,-24.37,11,24,-13,35
94.33,94.56,94.53,-24.37,11,24,-13,35
94.35,94.56,94.53,-24.37,11,24,-13,35
94.37,94.55,94.57,-24.37,11,24,-13,35
94.45,94.64,94.66,-24.37,11,24,-13,35
94.42,94.6,94.6,-24.37,11,24,-13,35
94.41,94.6,94.59,-24.37,11,24,-13,35
94.41,94.63,94.59,-24.37,11,24,-13,35
94.37,94.57,94.55,-24.36,11,23,-12,34
94.32,94.57,94.53,-24.36,11,23,-12,34
94.22,94.41,94.47,-24.37,11,24,-13,35
94.29,94.5,94.5,-24.17,12,23,-11,35
94.35,94.53,94.56,-24.21,12,22,-10,34
94.6,94.81,94.73,-24.74,12,23,-11,35
94.57,94.72,94.69,-24.22,12,23,-11,35
94.4,94.59,94.56,-24.93,11,25,-14,36
94.53,94.76,94.71,-24.89,11,25,-14,36
94.54,94.76,94.72,-24.93,11,26,-15,37
94.45,94.66,94.63,-24.91,11,25,-14,36
94.22,94.43,94.42,-24.91,11,25,-14,36
94.35,94.57,94.47,-24.79,11,25,-14,36
94.18,94.4,94.39,-24.71,12,24,-12,36
93.94,94.16,94.13,-24.79,11,25,-14,36
94.04,94.24,94.27,-24.12,12,23,-11,35
94.36,94.6,94.64,-23.94,15,22,-7,37
93.73,94,94,-24.27,12,24,-12,36
93.44,93.66,93.69,-24.23,11,24,-13,35
93.69,93.91,93.91,-23.06,13,21,-8,34
93.15,93.38,93.41,-22.91,13,20,-7,33
93.66,93.87,93.82,-23.67,15,20,-5,35
93.38,93.61,93.6,-3.84,14,22,-8,36
93.57,93.78,93.77,-3.74,14,22,-8,36
93.53,93.75,93.73,-4.01,14,22,-8,36
93.39,93.62,93.6,-3.98,14,21,-7,35
93.44,93.67,93.66,-3.98,14,21,-7,35
93.34,93.55,93.53,-23.94,13,20,-7,33
93.21,93.42,93.4,-22.9,14,18,-4,32
93.06,93.28,93.26,-22.9,14,18,-4,32
92.97,93.19,93.16,-22.94,14,17,-3,31
93,93.19,93.19,-23.94,14,18,-4,32
93.13,93.32,93.24,-23.94,14,18,-4,32
93.15,93.32,93.24,-23.94,14,18,-4,32
93.13,93.3,93.24,-23.94,14,18,-4,32
93.24,93.41,93.24,-23.94,14,18,-4,32
93.22,93.42,93.24,-23.94,14,18,-4,32
93.07,93.26,93.24,-23.94,14,18,-4,32
92.99,93.21,93.18,-23.95,13,19,-6,32
92.98,93.11,93.15,-23.95,13,19,-6,32
92.97,93.15,93.16,-23.94,14,18,-4,32
93.03,93.22,93.19,-23.94,14,18,-4,32
93.05,93.24,93.18,-23.94,14,18,-4,32
93.05,93.35,93.18,-23.94,14,18,-4,32
93.06,93.25,93.18,-23.94,14,18,-4,32
93.04,93.23,93.18,-23.94,14,18,-4,32
93.01,93.23,93.19,-23.94,14,18,-4,32
93.01,93.21,93.18,-23.94,14,18,-4,32
93.06,93.26,93.23,-23.64,15,17,-2,32
93.1,93.36,93.28,-23.64,15,17,-2,32
92.86,93.06,93.18,-23.94,14,18,-4,32
92.67,92.86,92.85,-23.91,15,17,-2,32
92.86,93.07,93.05,-23.87,15,17,-2,32
92.93,93.14,93.25,-22.97,15,16,-1,31
92.95,93.17,93.13,-23,14,17,-3,31
92.66,92.81,92.82,-23.02,13,18,-5,31
92.59,92.8,92.75,-22.87,16,15,1,31
92.27,92.45,92.46,-22.88,16,15,1,31
92.16,92.36,92.36,-11.73,17,15,2,32
92.49,92.7,92.67,-12.47,17,15,2,32
92.05,92.25,92.14,-12.73,17,15,2,32
91.89,92.1,92.08,-14.35,18,14,4,32
91.51,91.71,91.55,-12.54,17,14,3,31
90.86,91.09,91.06,-10.74,16,13,3,29
90.95,91.18,91.03,21.04,17,14,3,31
91,91.21,91.15,9.15,17,14,3,31
90.6,90.79,90.78,10.26,19,13,6,32
90.37,90.56,90.52,11.16,17,14,3,31
90.33,90.52,90.42,11.59,18,15,3,33
90.63,90.85,90.77,7.83,21,12,9,33
90.73,90.93,90.9,7.23,18,13,5,31
90.81,91.03,91.02,7.15,17,14,3,31
90.69,90.91,90.87,7.24,16,14,2,30
91,91.21,91.16,7.38,17,14,3,31
91.1,91.31,91.27,7.31,18,14,4,32
90.97,91.25,91.13,8.32,20,14,6,34
90.93,91.14,91.13,8.16,19,15,4,34
90.95,91.19,91.18,8.26,19,13,6,32
90.98,91.2,91.18,8.26,19,13,6,32
90.92,91.15,91.11,8.26,19,13,6,32
91,91.21,91.11,8.26,19,13,6,32
90.97,91.15,91.11,8.24,18,13,5,31
90.99,91.26,91.27,8.24,18,13,5,31
90.88,91.09,91.1,8.22,17,14,3,31
90.91,91.12,91.1,8.22,17,14,3,31
90.88,91.09,91.07,8.22,17,14,3,31
90.86,91.1,91.08,7.22,16,14,2,30
90.97,91.13,91.11,7.22,16,14,2,30
90.89,91.1,91.11,7.22,16,14,2,30
91.18,91.37,91.11,7.22,16,14,2,30
91.03,91.32,91.11,7.24,17,13,4,30
91.16,91.33,91.31,7.14,16,14,2,30
91.11,91.33,91.31,7.14,16,14,2,30
91.07,91.28,91.22,7.14,16,14,2,30
90.92,91.14,91.15,7.14,16,14,2,30
90.93,91.13,91.1,7.15,17,14,3,31
90.75,90.95,91.12,7.16,18,13,5,31
90.74,90.96,90.92,6.41,18,14,4,32
91.06,91.27,91.27,8.41,19,14,5,33
91.18,91.36,91.33,6.31,18,15,3,33
91.23,91.43,91.31,8.94,21,14,7,35
91.02,91.22,91.17,8.07,21,14,7,35
91.13,91.36,91.33,6.82,20,15,5,35
91.42,91.63,91.6,6.77,20,15,5,35
91.52,91.71,91.72,6.53,18,16,2,34
91.58,91.77,91.69,6.68,18,16,2,34
91.48,91.67,91.67,6.86,16,16,0,32
91.49,91.66,91.73,6.76,15,16,-1,31
91.24,91.44,91.44,6.48,16,16,0,32
91.44,91.64,91.63,6.71,13,18,-5,31
91.43,91.62,91.55,6.72,16,16,0,32
91.6,91.81,91.84,7.03,17,15,2,32
91.84,92.04,91.93,7.52,17,16,1,33
91.47,91.68,91.62,6.78,16,16,0,32
91.73,91.96,91.75,6.76,15,17,-2,32
92.53,92.74,92.66,4.14,15,18,-3,33
93.14,93.42,93.32,-0.75,16,18,-2,34
93.02,93.26,93.18,-1.23,17,19,-2,36
93.04,93.25,93.19,-1.85,17,18,-1,35
93.28,93.45,93.4,-1.89,16,19,-3,35
94.02,94.22,94.15,-2.93,16,21,-5,37
94,94.2,94.2,-14.68,13,25,-12,38
93.99,94.22,94.17,-14.56,13,23,-10,36
94,94.23,94.17,-14.17,12,24,-12,36
94.04,94.28,94.17,-14.56,13,24,-11,37
94.05,94.22,94.17,-14.11,12,25,-13,37
94.07,94.23,94.28,-14.11,12,25,-13,37
93.86,94.1,94.07,-14.11,12,25,-13,37
93.88,94.09,94.07,-15.12,12,26,-14,38
93.88,94.1,94.07,-15.12,12,26,-14,38
93.89,94.09,94.07,-15.12,12,26,-14,38
93.82,94.04,93.97,-15.12,12,26,-14,38
93.76,93.98,93.93,-15.27,12,26,-14,38
93.8,93.97,93.94,-15.27,12,26,-14,38
93.81,94.02,93.97,-15.27,12,26,-14,38
93.77,93.98,93.97,-15.27,12,26,-14,38
93.81,94.04,93.97,-15.22,12,26,-14,38
93.81,94.04,93.97,-15.22,12,26,-14,38
93.8,94.01,93.97,-15.22,12,26,-14,38
93.79,93.99,93.97,-15.17,13,25,-12,38
93.69,93.9,93.85,-15.17,13,25,-12,38
93.7,93.9,93.85,-12.66,13,23,-10,36
93.69,93.92,93.86,-12.65,13,23,-10,36
93.72,93.97,93.91,-12.65,13,23,-10,36
93.83,94.03,93.97,-12.65,13,23,-10,36
93.81,94.04,94.05,-12.65,13,23,-10,36
93.8,94.01,93.89,-12.69,12,24,-12,36
93.67,93.87,93.83,-12.7,12,25,-13,37
93.62,93.82,93.75,-12.66,13,24,-11,37
93.84,94.08,93.87,-11.65,13,22,-9,35
94.21,94.42,94.32,-12.17,13,25,-12,38
94.25,94.47,94.34,-13.76,15,23,-8,38
94.51,94.71,94.65,-14.94,15,24,-9,39
94.48,94.7,94.66,-16.27,13,26,-13,39
94.28,94.49,94.42,-16.07,15,24,-9,39
94.29,94.46,94.45,-19.16,14,27,-13,41
95.06,95.26,95.18,-18.72,15,26,-11,41
95.1,95.29,95.23,-18.46,16,25,-9,41
95.18,95.39,95.32,-15.68,15,25,-10,40
95.71,95.92,95.82,-16.39,15,25,-10,40
95.91,96.11,95.97,-16.74,16,24,-8,40
95.66,95.86,95.78,-16.83,15,27,-12,42
95.88,96.04,95.93,-16.37,13,28,-15,41
95.74,95.94,95.85,-17.74,13,28,-15,41
95.77,95.98,95.9,-18.41,14,26,-12,40
95.81,96.01,95.94,-18.41,14,26,-12,40
95.86,96.06,96,-28.91,14,26,-12,40
95.62,95.82,95.75,-30.03,14,28,-14,42
95.47,95.66,95.56,-28.24,15,26,-11,41
95.49,95.7,95.56,-26.01,16,23,-7,39
95.44,95.61,95.53,-23.89,16,23,-7,39
95.49,95.68,95.62,-15.99,16,23,-7,39
95.49,95.65,95.54,-16.08,16,24,-8,40
95.61,95.81,95.64,-16.12,15,24,-9,39
96.37,96.54,96.41,-16.12,15,24,-9,39
96.64,96.83,96.76,-17.97,17,21,-4,38
96.82,97.07,96.95,-17.22,17,20,-3,37
96.9,97.1,96.95,-17.22,17,20,-3,37
96.9,97.13,96.99,-20.22,16,21,-5,37
97.1,97.35,97.22,-19.72,16,21,-5,37
96.88,97.07,97.03,-19.64,15,23,-8,38
96.58,96.81,96.83,-19.66,15,23,-8,38
96.51,96.72,96.7,-19.86,15,23,-8,38
96.48,96.72,96.61,-20.06,15,23,-8,38
96.64,96.89,96.9,-20.06,15,23,-8,38
96.57,96.89,96.9,-20.06,15,23,-8,38
96.43,96.67,96.64,-20.06,15,23,-8,38
96.51,96.74,96.68,-19.98,16,23,-7,39
96.44,96.68,96.62,-19.99,16,23,-7,39
96.63,96.85,96.78,-20,16,23,-7,39
96.59,96.82,96.79,-20.03,15,24,-9,39
96.38,96.6,96.62,-20.08,15,24,-9,39
96.08,96.3,96.37,-20.08,15,24,-9,39
96.33,96.55,96.47,-22.03,16,22,-6,38
96.19,96.42,96.36,-25.01,15,23,-8,38
96.31,96.52,96.36,-24.93,17,21,-4,38
96.22,96.46,96.42,-24.94,17,22,-5,39
96.19,96.43,96.37,-25.95,17,23,-6,40
96.33,96.55,96.51,-25.93,18,23,-5,41
96,96.22,96.17,-26.05,16,24,-8,40
95.73,95.95,95.92,-27.95,17,24,-7,41
95.84,96.06,96.02,-27.99,16,26,-10,42
95.26,95.49,95.49,-26.05,16,26,-10,42
94.89,95.14,95.13,-22.72,16,26,-10,42
95.28,95.51,95.51,-21.71,16,25,-9,41
95.18,95.44,95.44,-21.57,17,23,-6,40
94.98,95.25,95.19,-21.54,18,22,-4,40
95.59,95.81,95.83,-21.52,17,22,-5,39
95.7,95.93,95.88,-18.37,18,21,-3,39
95.93,96.17,96.15,-17.29,20,20,0,40
95.99,96.19,96.21,-17.75,19,20,-1,39
95.93,96.18,96.11,-17.78,18,21,-3,39
95.77,95.99,96.01,-17.89,17,21,-4,38
95.99,96.21,96.17,-21.58,16,22,-6,38
96.12,96.36,96.35,-21.57,17,21,-4,38
95.84,96.07,96.07,-18.88,16,22,-6,38
95.74,95.99,95.93,-18.88,16,22,-6,38
95.81,96.08,96.05,-18.8,16,21,-5,37
95.77,96.08,96.08,-18.8,16,21,-5,37
95.84,96.09,96.05,-19.8,16,22,-6,38
95.79,96.04,96.05,-19.8,16,22,-6,38
95.7,95.93,95.92,-19.8,16,22,-6,38
95.79,96.02,96,-19.8,16,22,-6,38
95.77,96.08,96.01,-19.8,16,22,-6,38
95.67,95.91,96.04,-19.8,16,22,-6,38
95.76,95.97,96.04,-19.8,16,22,-6,38
95.75,96.01,95.95,-19.8,16,22,-6,38
95.63,95.88,95.8,-19.8,16,22,-6,38
95.64,95.9,95.8,-19.8,16,22,-6,38
95.7,95.96,95.8,-19.8,16,22,-6,38
95.83,96.05,96.06,-19.78,16,22,-6,38
95.73,95.98,95.9,-19.77,16,21,-5,37
95.85,96.09,95.9,-19.77,16,21,-5,37
95.62,95.86,95.86,-19.77,16,21,-5,37
95.46,95.71,95.69,-19.77,16,21,-5,37
95.43,95.68,95.67,-19.97,16,21,-5,37
95.28,95.52,95.63,-19.75,18,20,-2,38
95.44,95.7,95.76,-19.55,18,20,-2,38
95.31,95.56,95.56,-19.48,19,19,0,38
95.47,95.73,95.56,-19.48,19,19,0,38
95.41,95.67,95.68,-19.48,19,19,0,38
95.46,95.66,95.64,-18.5,20,19,1,39
95.44,95.68,95.65,-18.5,20,19,1,39
95.78,96.02,96.01,-18.47,20,18,2,38
95.59,95.83,95.8,-18.23,20,17,3,37
95.65,95.84,95.89,-17.27,20,17,3,37
95.71,95.95,95.85,-18.22,20,17,3,37
95.67,95.9,95.89,-18.23,20,18,2,38
95.69,95.93,95.97,-18.25,20,18,2,38
95.9,96.13,96.11,-18.25,19,17,2,36
95.55,95.79,95.76,-18.25,19,17,2,36
95.77,95.98,95.95,-21.18,19,18,1,37
95.98,96.24,96.19,-21.23,19,18,1,37
95.21,95.44,95.46,-8.21,21,16,5,37
95.43,95.68,95.66,-10.18,20,18,2,38
95.43,95.69,95.66,-19.81,21,17,4,38
95.49,95.69,95.69,-9.94,21,17,4,38
95.82,96.04,96.05,-10.09,20,17,3,37
95.74,95.96,96.02,-13.12,19,19,0,38
95.49,95.72,95.67,-13.12,19,19,0,38
95.39,95.63,95.59,-13.39,18,19,-1,37
95.62,95.85,95.82,-7.41,19,20,-1,39
95.65,95.88,95.85,-10.39,17,18,-1,35
95.57,95.8,95.71,-11.99,18,18,0,36
95.46,95.7,95.68,-11.99,18,18,0,36
95.45,95.66,95.63,-10.4,18,19,-1,37
95.55,95.73,95.71,-10.37,19,18,1,37
95.52,95.77,95.73,-10.4,18,19,-1,37
95.43,95.67,95.67,-10.4,18,19,-1,37
95.47,95.7,95.67,-10.4,18,19,-1,37
95.41,95.67,95.59,-10.4,18,19,-1,37
95.46,95.67,95.59,-10.4,18,19,-1,37
95.42,95.64,95.58,-10.4,18,19,-1,37
95.43,95.66,95.58,-10.4,18,19,-1,37
95.53,95.8,95.68,-10.4,18,19,-1,37
95.59,95.82,95.77,-10.4,18,19,-1,37
95.62,95.84,95.75,-10.4,18,19,-1,37
95.65,95.85,95.83,-10.4,18,19,-1,37
95.73,95.97,95.83,-10.4,18,19,-1,37
95.8,96.06,96.03,-10.3,19,18,1,37
95.77,96.02,96.03,-10.32,19,18,1,37
95.71,95.94,95.9,-10.42,18,19,-1,37
95.73,95.97,95.92,-10.42,18,19,-1,37
95.7,95.95,95.89,-10.42,18,19,-1,37
95.75,96,95.97,-10.42,18,19,-1,37
95.87,96.09,96.04,-8.42,19,19,0,38
95.86,96.06,96.02,-8.47,19,19,0,38
95.73,95.97,96.06,-10.45,19,19,0,38
95.74,95.97,96,-8.58,19,20,-1,39
95.72,95.95,95.92,-8.58,19,20,-1,39
95.6,95.81,95.83,-6.48,20,19,1,39
95.43,95.66,95.6,-6.48,20,19,1,39
95.53,95.77,95.73,-10.43,19,18,1,37
95.61,95.81,95.78,-10.93,19,19,0,38
95.53,95.76,95.81,-12.56,19,20,-1,39
95.75,95.99,95.92,-12.91,19,20,-1,39
95.69,95.94,95.88,-12.84,20,19,1,39
95.81,96.03,95.95,-12.87,20,19,1,39
95.97,96.2,96.12,-12.84,20,19,1,39
96.4,96.62,96.53,-22.75,20,19,1,39
96.17,96.38,96.35,-20.84,18,19,-1,37
96.22,96.45,96.35,-23.28,17,23,-6,40
95.97,96.21,96.21,-21.18,20,17,3,37
95.89,96.1,96.04,-21.26,19,18,1,37
95.99,96.23,96.16,-21.37,19,18,1,37
96.02,96.24,96.2,-21.3,19,17,2,36
96.2,96.42,96.35,-21.4,19,18,1,37
96.47,96.7,96.64,-11.4,19,18,1,37
96.6,96.82,96.74,-10.7,19,18,1,37
96.5,96.7,96.64,-12.35,17,20,-3,37
96.48,96.7,96.62,-12.64,16,22,-6,38
96.52,96.75,96.66,-12.64,16,22,-6,38
96.54,96.76,96.66,-12.64,16,22,-6,38
96.66,96.84,96.78,-12.64,16,22,-6,38
96.61,96.87,96.78,-12.64,16,22,-6,38
96.55,96.78,96.7,-12.64,16,22,-6,38
96.45,96.65,96.61,-12.64,16,22,-6,38
96.52,96.77,96.7,-12.66,16,22,-6,38
96.54,96.75,96.69,-12.65,16,21,-5,37
96.59,96.84,96.71,-12.65,16,21,-5,37
96.61,96.85,96.75,-12.65,16,21,-5,37
96.63,96.91,96.83,-12.65,16,21,-5,37
96.73,96.96,96.86,-12.65,16,21,-5,37
96.68,96.89,96.81,-12.93,16,21,-5,37
96.7,96.9,96.85,-12.93,16,21,-5,37
96.67,96.9,96.82,-12.93,16,21,-5,37
96.64,96.86,96.8,-12.93,16,21,-5,37
96.66,96.89,96.81,-12.94,16,22,-6,38
96.54,96.76,96.69,-12.97,15,23,-8,38
96.47,96.7,96.67,-12.94,16,22,-6,38
96.43,96.65,96.59,-12.94,16,22,-6,38
96.36,96.56,96.48,-14.89,15,23,-8,38
96.33,96.57,96.48,-14.89,15,23,-8,38
96.26,96.47,96.36,-14.41,15,23,-8,38
96.3,96.52,96.4,-12.69,15,23,-8,38
96.16,96.38,96.36,-12.74,15,25,-10,40
96.22,96.43,96.43,-12.71,16,24,-8,40
96.11,96.35,96.26,-12.68,15,24,-9,39
96.17,96.4,96.27,-14.66,16,23,-7,39
96.24,96.47,96.38,-12.66,16,23,-7,39
96.31,96.54,96.4,-12.7,15,24,-9,39
96.13,96.36,96.29,-12.64,16,23,-7,39
95.93,96.22,96.11,-12.13,17,23,-6,40
95.78,96.01,95.94,-11.78,15,23,-8,38
95.99,96.21,96.12,-11.69,17,21,-4,38
95.97,96.21,96.15,-14.76,15,24,-9,39
96.07,96.31,96.31,-11.81,17,23,-6,40
95.83,96.1,96.1,-11.61,17,22,-5,39
95.84,96.08,96.06,-11.43,18,20,-2,38
95.81,96.07,96.06,-11.13,19,19,0,38
95.73,95.96,95.94,-4.47,20,17,3,37
95.74,96.01,96.01,-7.39,19,18,1,37
96.01,96.29,96.29,-7.47,18,19,-1,37
95.9,96.18,96.14,-7.43,18,19,-1,37
96.23,96.49,96.5,-7.23,18,19,-1,37
96.32,96.6,96.63,-10.24,16,19,-3,35
95.79,96.05,96.03,-11.04,15,20,-5,35
95.91,96.17,96.15,-12.85,16,19,-3,35
95.83,96.1,96.07,-12.84,16,19,-3,35
95.97,96.22,96.14,-11.07,15,20,-5,35
96.08,96.32,96.21,-10.87,16,19,-3,35
96.2,96.45,96.44,-10.87,16,19,-3,35
96.08,96.4,96.36,-10.88,16,20,-4,36
96.09,96.34,96.36,-12.08,16,20,-4,36
96.12,96.36,96.34,-10.88,16,20,-4,36
96.14,96.39,96.37,-10.98,16,21,-5,37
96.1,96.36,96.33,-13.38,16,21,-5,37
95.95,96.21,96.23,-10.98,16,21,-5,37
96.01,96.29,96.26,-10.98,16,21,-5,37
96.13,96.42,96.36,-10.98,16,21,-5,37
96.17,96.44,96.45,-10.98,16,21,-5,37
96.12,96.38,96.38,-10.98,16,21,-5,37
96.16,96.41,96.4,-10.98,16,21,-5,37
96.14,96.42,96.43,-10.98,16,21,-5,37
96.13,96.4,96.43,-10.98,16,21,-5,37
95.88,96.15,96.13,-10.98,16,21,-5,37
95.85,96.06,96.1,-10.98,16,21,-5,37
95.84,96.09,96.07,-10.94,16,20,-4,36
95.9,96.15,96.1,-10.94,16,20,-4,36
95.9,96.16,96.14,-10.97,16,20,-4,36
95.93,96.2,96.21,-10.97,16,20,-4,36
95.81,96.07,96.06,-10.85,17,19,-2,36
95.72,95.98,95.94,-10.83,17,19,-2,36
95.7,95.95,95.95,-10.93,16,20,-4,36
95.76,96.02,95.95,-10.94,16,20,-4,36
95.73,96,95.98,-12.69,17,20,-3,37
95.82,96.09,96.07,-12.89,17,21,-4,38
95.69,95.97,95.99,-12.89,17,21,-4,38
95.49,95.74,95.76,-12.95,17,21,-4,38
94.8,95.08,95.12,-15.95,18,21,-3,39
94.56,94.84,94.86,-10.68,19,19,0,38
94.69,94.97,94.96,-10.7,20,18,2,38
94.2,94.49,94.54,-10.76,20,19,1,39
94.31,94.58,94.55,-9.45,21,16,5,37
93.86,94.12,94.14,-9.3,20,16,4,36
93.59,93.84,93.85,-8.96,20,16,4,36
93.78,94.03,94.08,-7.67,22,16,6,38
93.77,94.03,94.05,-9.49,20,17,3,37
94.51,94.71,94.73,-9.01,19,16,3,35
94.37,94.6,94.62,-9.93,19,18,1,37
94.62,94.86,94.92,-9.89,21,17,4,38
94.71,94.96,95.01,-9.91,20,18,2,38
96,96.23,96.21,-9.91,20,18,2,38
95.83,96.08,96.05,-11.31,18,20,-2,38
95.86,96.11,96.04,-11.31,18,19,-1,37
95.88,96.1,96.08,-11.07,18,18,0,36
95.86,96.08,96.08,-11.07,18,18,0,36
95.94,96.15,96.1,-11.33,16,19,-3,35
95.97,96.2,96.17,-11.33,16,19,-3,35
95.66,95.91,95.88,-11.33,16,19,-3,35
95.71,95.96,95.93,-10.54,17,19,-2,36
95.63,95.85,95.85,-10.54,17,19,-2,36
95.55,95.78,95.76,-10.54,17,19,-2,36
95.63,95.86,95.81,-10.54,17,19,-2,36
95.38,95.63,95.66,-10.54,17,19,-2,36
95.17,95.39,95.34,-10.54,17,19,-2,36
95.24,95.46,95.37,-10.54,17,19,-2,36
95.21,95.42,95.37,-10.84,16,20,-4,36
95.25,95.5,95.48,-10.84,16,20,-4,36
95.3,95.52,95.48,-10.96,16,21,-5,37
95.27,95.5,95.51,-10.86,16,21,-5,37
95.33,95.56,95.52,-10.86,16,21,-5,37
95.16,95.39,95.39,-10.86,16,21,-5,37
95.29,95.52,95.46,-10.56,17,21,-4,38
95.38,95.6,95.56,-10.56,17,21,-4,38
95.19,95.41,95.49,-10.58,17,22,-5,39
95.21,95.43,95.41,-10.61,17,23,-6,40
95.11,95.35,95.29,-10.61,17,23,-6,40
95.32,95.48,95.49,-10.61,17,23,-6,40
95.19,95.42,95.36,-10.61,17,23,-6,40
95.21,95.43,95.44,-12.71,17,23,-6,40
95.16,95.4,95.38,-12.71,17,23,-6,40
94.95,95.17,95.21,-12.71,17,23,-6,40
95.16,95.39,95.31,-9.71,17,23,-6,40
95.17,95.4,95.37,-9.76,17,22,-5,39
95.24,95.48,95.46,-8.86,18,23,-5,41
95.65,95.88,95.9,-8.86,18,23,-5,41
95.6,95.82,95.84,-8.29,21,20,1,41
95.46,95.69,95.67,-8.24,21,20,1,41
95.22,95.45,95.44,-9.22,21,19,2,40
94.82,95.02,95.02,-10.51,20,22,-2,42
94.87,95.11,95.13,-10.18,21,21,0,42
94.6,94.85,94.85,-10.35,19,21,-2,40
94.91,95.16,95.15,-10.3,19,22,-3,41
95.24,95.48,95.47,-10.12,20,22,-2,42
95.53,95.77,95.8,-18.08,21,21,0,42
95.23,95.43,95.47,-18.05,22,20,2,42
95.49,95.74,95.76,-18.31,21,20,1,41
95.49,95.7,95.67,-18.31,20,20,0,40
95.12,95.35,95.42,-18.37,20,21,-1,41
95.05,95.28,95.22,-18.29,20,19,1,39
94.98,95.22,95.25,-17.32,20,20,0,40
95.03,95.27,95.3,-17.22,21,20,1,41
94.96,95.2,95.25,-17.18,22,19,3,41
94.98,95.25,95.27,-16.18,22,18,4,40
94.88,95.15,95.22,-16.18,22,18,4,40
94.99,95.23,95.27,-16.17,22,18,4,40
95.16,95.4,95.44,-16.17,22,18,4,40
95.21,95.44,95.44,-16.28,20,18,2,38
95.23,95.47,95.49,-16.28,20,18,2,38
95.3,95.56,95.59,-16.28,20,18,2,38
95.36,95.62,95.7,-8.28,20,18,2,38
95.5,95.73,95.78,-9.38,19,18,1,37
95.43,95.66,95.69,-17.38,19,18,1,37
95.47,95.7,95.67,-17.38,19,18,1,37
95.4,95.64,95.67,-17.38,19,18,1,37
95.34,95.59,95.68,-17.38,19,18,1,37
95.4,95.63,95.67,-17.38,19,18,1,37
95.36,95.61,95.63,-17.38,19,18,1,37
95.4,95.65,95.65,-17.43,19,19,0,38
95.39,95.63,95.62,-17.43,19,19,0,38
95.44,95.7,95.7,-17.43,19,19,0,38
95.65,95.89,95.92,-17.43,19,19,0,38
95.5,95.74,95.8,-9.44,19,19,0,38
95.33,95.56,95.65,-10.49,19,20,-1,39
95.12,95.36,95.49,-10.47,20,20,0,40
95.08,95.32,95.39,-10.44,19,20,-1,39
95.1,95.28,95.37,-9.44,19,19,0,38
95.25,95.5,95.43,-9.52,19,19,0,38
95.01,95.23,95.25,-9.54,19,19,0,38
94.85,95.05,95.08,-8.54,20,19,1,39
94.73,94.97,95,-8.2,21,18,3,39
94.69,94.93,94.95,-8,21,17,4,38
94.85,95.1,95.12,-8.04,21,18,3,39
94.74,94.98,95.04,-7.97,23,16,7,39
94.71,94.94,95.07,-8.06,23,16,7,39
94.79,95.04,95.1,-7.96,23,16,7,39
95.14,95.39,95.44,-8.02,22,17,5,39
95.05,95.3,95.31,-10.02,21,16,5,37
95.15,95.4,95.46,-12.12,21,16,5,37
95.09,95.34,95.34,-12.22,20,16,4,36
94.94,95.19,95.23,-10.07,20,16,4,36
94.93,95.18,95.23,-10.04,21,15,6,36
95,95.24,95.3,-9.08,20,16,4,36
94.79,95.03,95.05,-9.08,20,16,4,36
94.72,94.98,95.05,6.02,22,16,6,38
94.14,94.4,94.47,7,23,17,6,40
94.17,94.45,94.52,19.93,23,16,7,39
94.04,94.32,94.37,19.91,23,16,7,39
94.17,94.41,94.53,19.81,23,17,6,40
94.27,94.56,94.62,19.92,22,16,6,38
94.18,94.44,94.53,19.92,22,16,6,38
94.22,94.44,94.55,20.92,22,15,7,37
94.32,94.53,94.57,20.82,22,16,6,38
94.31,94.57,94.57,20.82,22,16,6,38
94.37,94.61,94.57,20.82,22,16,6,38
94.35,94.61,94.68,20.82,22,16,6,38
94.35,94.62,94.62,20.82,22,16,6,38
94.32,94.59,94.61,20.82,22,16,6,38
94.33,94.59,94.65,20.82,22,16,6,38
94.4,94.66,94.75,20.82,22,16,6,38
94.33,94.62,94.69,20.82,22,16,6,38
94.34,94.6,94.7,20.82,22,16,6,38
94.35,94.63,94.7,20.82,22,16,6,38
94.34,94.61,94.66,20.82,22,16,6,38
94.33,94.6,94.67,20.72,22,16,6,38
94.29,94.58,94.64,20.72,22,16,6,38
94.35,94.61,94.69,20.72,22,16,6,38
94.18,94.44,94.55,20.72,22,16,6,38
94.04,94.3,94.37,20.72,22,16,6,38
94.09,94.36,94.41,21.83,24,15,9,39
93.77,94.03,94.15,21.83,24,16,8,40
93.7,93.96,94.04,20.82,22,15,7,37
93.51,93.8,93.9,20.83,22,15,7,37
93.56,93.84,93.91,6.06,24,16,8,40
93.58,93.82,93.83,6.05,24,15,9,39
93.72,93.97,93.86,6.04,25,16,9,41
93.61,93.86,93.95,5.94,24,16,8,40
93.38,93.62,93.69,5.93,24,16,8,40
93.08,93.35,93.42,6.02,24,15,9,39
93.09,93.34,93.33,0,24,15,9,39
93.31,93.57,93.64,0,24,15,9,39
93,93.25,93.32,-1.06,24,14,10,38
92.87,93.12,93.2,-0.91,23,14,9,37
92.85,93.1,93.18,-0.88,23,14,9,37
92.62,92.88,92.95,-1.02,22,15,7,37
92.41,92.68,92.75,6.97,23,14,9,37
92.54,92.79,92.86,7.01,23,12,11,35
93.34,93.61,93.65,7.05,23,12,11,35
93.87,94.12,94.19,7.19,24,13,11,37
94.23,94.48,94.53,6.84,20,14,6,34
93.84,94.1,94.15,6.67,20,13,7,33
94.06,94.32,94.41,6.83,18,15,3,33
94.23,94.49,94.54,4.74,19,15,4,34
94.25,94.53,94.64,6.86,20,14,6,34
94.27,94.51,94.63,5.84,20,15,5,35
94.35,94.59,94.66,0.84,20,16,4,36
94.43,94.68,94.76,0.94,21,15,6,36
94.39,94.63,94.71,0.91,20,15,5,35
94.39,94.64,94.71,0.91,20,15,5,35
94.2,94.45,94.52,0.91,20,15,5,35
94.19,94.45,94.48,5.91,20,14,6,34
94.14,94.4,94.48,6.91,20,13,7,33
94.28,94.53,94.52,6.86,20,14,6,34
94.12,94.37,94.45,6.86,20,14,6,34
94.24,94.49,94.56,2.86,20,15,5,35
94.11,94.37,94.45,0.86,20,15,5,35
94.05,94.31,94.39,0.86,20,15,5,35
94.1,94.35,94.43,6.88,20,14,6,34
94.05,94.3,94.44,6.88,20,14,6,34
94.11,94.36,94.44,6.88,20,14,6,34
93.95,94.22,94.3,6.89,21,14,7,35
94.05,94.24,94.38,6.79,21,14,7,35
93.95,94.23,94.31,6.89,21,14,7,35
93.91,94.15,94.26,6.89,21,14,7,35
93.92,94.18,94.26,6.89,21,14,7,35
93.71,93.98,94.04,6.89,21,14,7,35
93.78,94.05,94.13,6.94,22,14,8,36
93.66,93.93,94.07,6.94,22,14,8,36
93.41,93.66,93.74,6.94,22,14,8,36
93.47,93.72,93.83,6.98,23,13,10,36
93.44,93.71,93.8,6.9,23,13,10,36
93.48,93.75,93.9,6.91,24,13,11,37
93.54,93.81,93.91,6.91,24,13,11,37
93.38,93.66,93.73,6.91,24,13,11,37
93.66,93.93,94.02,6.9,23,13,10,36
93.81,94.06,94.18,6.93,24,13,11,37
93.8,94.06,94.17,7.03,24,12,12,36
94.19,94.45,94.61,4.03,24,13,11,37
94.71,94.95,95.05,6.72,22,14,8,36
94.49,94.73,94.85,6.89,22,13,9,35
94.59,94.82,94.92,6.76,21,14,7,35
94.34,94.6,94.74,6.74,21,14,7,35
95.1,95.36,95.47,7.29,21,15,6,36
95.35,95.64,95.76,6.92,22,14,8,36
95.17,95.44,95.57,6.91,21,15,6,36
94.96,95.25,95.36,6.93,22,15,7,37
94.91,95.2,95.33,7.88,23,14,9,37
95.19,95.48,95.61,7.67,22,15,7,37
95.11,95.4,95.61,7.7,21,15,6,36
95.18,95.46,95.57,7.57,21,16,5,37
95.11,95.4,95.56,7.57,21,16,5,37
95.04,95.32,95.35,7.67,21,16,5,37
94.98,95.29,95.38,6.67,20,16,4,36
95.06,95.35,95.46,7.19,21,16,5,37
95.14,95.43,95.56,6.69,20,16,4,36
95.19,95.49,95.61,6.69,20,16,4,36
95.19,95.48,95.6,6.69,20,16,4,36
95.15,95.43,95.59,6.69,20,16,4,36
95.15,95.44,95.59,6.69,20,16,4,36
95.05,95.34,95.49,6.69,20,16,4,36
95.07,95.36,95.49,6.69,20,16,4,36
95.06,95.34,95.46,6.69,20,16,4,36
95.03,95.3,95.44,6.79,20,16,4,36
95.02,95.31,95.44,6.79,20,16,4,36
95.02,95.31,95.44,6.79,20,16,4,36
94.99,95.29,95.44,6.79,20,16,4,36
95.08,95.38,95.54,6.78,20,17,3,37
95.04,95.31,95.46,6.78,20,17,3,37
94.96,95.25,95.42,6.78,20,17,3,37
94.91,95.19,95.32,6.88,20,17,3,37
95.01,95.29,95.45,6.87,20,18,2,38
95.35,95.62,95.78,6.87,20,18,2,38
95.26,95.55,95.71,9.84,21,17,4,38
95.05,95.32,95.46,9.84,21,17,4,38
94.98,95.26,95.39,6.84,20,17,3,37
95,95.25,95.43,6.85,20,17,3,37
95.07,95.33,95.43,6.85,20,17,3,37
95.01,95.26,95.46,6.84,20,17,3,37
95.35,95.61,95.83,6.84,20,17,3,37
95.43,95.69,95.88,8.9,21,15,6,36
95.55,95.81,95.96,-2.1,20,17,3,37
95.6,95.86,95.99,-2.1,20,17,3,37
95.54,95.81,95.91,-2.1,20,17,3,37
95.59,95.86,95.96,-2.25,20,18,2,38
95.72,95.99,96.13,-2.35,20,18,2,38
95.88,96.14,96.2,-3.16,21,18,3,39
96.07,96.36,96.49,-2.9,22,17,5,39
95.97,96.25,96.39,-9.06,21,16,5,37
95.89,96.18,96.35,-7.26,20,17,3,37
95.37,95.64,95.78,-7.26,20,17,3,37
95.36,95.63,95.75,-7.65,19,17,2,36
95.39,95.67,95.79,-6.31,18,19,-1,37
95.64,95.91,96.03,-6.2,20,17,3,37
95.93,96.21,96.34,-7.38,19,17,2,36
95.9,96.16,96.28,-8.43,19,18,1,37
96.17,96.45,96.57,-8.41,20,17,3,37
96.03,96.29,96.44,-2.5,19,18,1,37
96.05,96.33,96.45,-2.33,19,18,1,37
96.04,96.3,96.42,-2.33,19,18,1,37
96.01,96.28,96.4,-2.33,19,18,1,37
95.9,96.18,96.35,-2.33,19,18,1,37
95.91,96.19,96.33,-2.33,19,18,1,37
96.02,96.27,96.37,-2.33,19,18,1,37
95.77,96.06,96.15,-2.33,19,18,1,37
95.79,96.07,96.15,-2.22,19,18,1,37
95.96,96.22,96.32,-2.22,19,18,1,37
95.85,96.14,96.23,-2.22,19,18,1,37
96.02,96.27,96.41,-2.22,19,18,1,37
96.06,96.32,96.45,-2.22,19,18,1,37
95.95,96.21,96.32,-2.22,19,18,1,37
95.99,96.24,96.34,-2.22,19,18,1,37
96,96.27,96.37,-2.22,19,18,1,37
96,96.26,96.39,-2.22,19,18,1,37
95.92,96.18,96.29,-2.22,19,18,1,37
95.99,96.26,96.39,-2.22,19,18,1,37
96,96.28,96.39,-2.22,19,18,1,37
95.8,96.06,96.18,-2.22,19,18,1,37
95.81,96.07,96.18,-2.22,19,18,1,37
95.86,96.1,96.22,-2.22,19,18,1,37
95.76,96.01,96.13,-1.22,19,17,2,36
95.78,96.03,96.11,-1.22,19,17,2,36
95.57,95.83,96.06,-1.22,19,17,2,36
95.53,95.78,95.89,-1.22,19,17,2,36
95.41,95.66,95.78,-1.17,19,17,2,36
95.53,95.78,95.9,-1.12,19,16,3,35
95.36,95.6,95.72,-1.12,19,16,3,35
95.47,95.72,95.82,-1.12,19,16,3,35
95.41,95.67,95.8,-1.12,19,16,3,35
95.65,95.9,96.02,-1.12,19,16,3,35
95.5,95.76,95.89,-1.12,19,16,3,35
95.63,95.91,95.97,-1.12,19,16,3,35
95.83,96.09,96.2,-1.12,19,16,3,35
95.62,95.86,95.96,-1.12,19,16,3,35
95.68,95.93,96.07,-1.12,19,16,3,35
95.58,95.82,95.92,-1.12,19,16,3,35
95.91,96.16,96.28,-1.12,19,16,3,35
96.62,96.86,96.98,-1.12,19,16,3,35
96.78,97.03,97.17,-8.22,17,16,1,33
96.88,97.12,97.26,-8.32,17,16,1,33
96.93,97.2,97.29,-8.32,17,16,1,33
96.96,97.2,97.29,-8.32,17,16,1,33
96.76,97,97.1,-8.32,17,16,1,33
96.77,97.01,97.09,-8.32,17,16,1,33
96.76,96.99,97.09,-8.32,17,16,1,33
96.71,96.96,97.05,-8.32,17,16,1,33
96.73,96.96,97.06,-8.32,17,16,1,33
96.64,96.88,96.99,-8.32,17,16,1,33
96.68,96.94,97.01,-8.32,17,16,1,33
96.64,96.91,97.01,-8.32,17,16,1,33
96.62,96.87,97.01,-8.32,17,16,1,33
96.71,96.95,97.06,0,18,11,7,29
96.64,96.86,96.95,0,18,11,7,29
96.6,96.83,96.95,0,18,11,7,29
96.57,96.81,96.9,0,18,11,7,29
96.65,96.89,96.97,0,18,11,7,29
96.74,96.9,96.97,0,18,11,7,29
96.79,97.05,97.14,0,18,11,7,29
96.84,97.07,97.16,0,18,11,7,29
96.86,96.97,97.05,0,18,11,7,29
96.68,96.92,96.95,0,18,11,7,29
96.7,96.93,96.95,0,18,11,7,29
96.75,97,97.07,0,18,11,7,29
96.87,97.1,97.17,0,18,11,7,29
96.9,97.07,97.18,0,18,11,7,29
96.76,97.01,96.98,0,18,11,7,29
96.77,97.02,97.1,0,18,11,7,29
96.82,97.06,97.16,0,18,11,7,29
96.83,97.09,97.18,0,18,11,7,29
96.51,96.75,96.86,0,18,11,7,29
96.58,96.79,96.89,0,18,11,7,29
96.5,96.77,96.82,0,18,11,7,29
96.46,96.68,96.78,0,18,11,7,29
96.31,96.55,96.65,0,18,11,7,29
96.52,96.68,96.76,0,18,11,7,29
96.25,96.45,96.57,0,18,11,7,29
96.35,96.54,96.66,0,18,11,7,29
96.42,96.65,96.74,0,18,11,7,29
96.26,96.59,96.71,0,18,11,7,29
96.54,96.74,96.89,0,18,11,7,29
96.35,96.68,96.79,0,18,11,7,29
96.23,96.47,96.57,0,18,11,7,29
96.17,96.37,96.5,0,18,11,7,29
95.89,96.03,96.17,0,18,11,7,29
96.2,96.34,96.48,0,18,11,7,29
96.21,96.41,96.59,0,18,11,7,29
96.36,96.57,96.7,0,18,11,7,29
96.22,96.55,96.66,0,18,11,7,29
96.05,96.28,96.48,0,18,11,7,29
95.89,96.1,96.24,0,18,11,7,29
95.74,95.89,95.68,32.65,8,13,-5,21
95.76,95.85,95.68,32.66,8,13,-5,21
95.77,95.92,95.75,32.66,8,13,-5,21
95.76,95.92,95.76,32.66,8,13,-5,21
95.78,95.91,95.76,32.66,8,13,-5,21
95.78,95.89,95.76,32.66,8,13,-5,21
95.8,95.94,95.78,32.66,8,13,-5,21
95.69,95.85,95.75,32.66,8,13,-5,21
95.7,95.8,95.65,32.72,9,12,-3,21
95.7,95.87,95.65,32.72,9,12,-3,21
95.74,95.82,95.72,32.72,9,12,-3,21
95.76,95.88,95.73,32.72,9,12,-3,21
95.8,95.91,95.73,32.72,9,12,-3,21
95.93,95.97,95.8,32.72,9,12,-3,21
95.74,95.83,95.68,32.74,10,11,-1,21
95.79,95.95,95.82,32.93,10,11,-1,21
95.79,95.93,95.81,31.95,10,11,-1,21
95.71,95.9,95.78,31.94,10,11,-1,21
95.49,95.6,95.45,31.9,10,11,-1,21
95.48,95.57,95.49,32.12,10,10,0,20
95.5,95.72,95.59,32.32,10,10,0,20
95.62,95.77,95.6,32.24,9,11,-2,20
95.75,95.9,95.77,32.4,11,10,1,21
96.07,96.18,96.12,32.39,11,10,1,21
95.91,96.02,95.92,32.19,9,12,-3,21
95.85,95.96,95.85,32.11,8,12,-4,20
95.1,95.27,95.15,33.18,11,11,0,22
95.24,95.39,95.28,34.65,10,10,0,20
95.75,95.9,95.8,33.8,13,9,4,22
94.57,94.74,94.76,32.98,11,10,1,21
95.12,95.29,95.16,34.02,14,9,5,23
94.88,95.05,94.95,48.41,11,10,1,21
94.8,95.04,94.85,63.52,15,10,5,25
94.86,95.02,94.91,63.38,16,10,6,26
94.84,95.01,94.91,63.44,17,11,6,28
94.64,94.8,94.71,63.37,16,11,5,27
94.25,94.43,94.35,63.45,17,10,7,27
94.23,94.41,94.25,48.49,14,10,4,24
94.03,94.19,94.11,47.59,14,11,3,25
94.19,94.37,94.29,47.63,15,10,5,25
94.19,94.38,94.28,48.69,18,10,8,28
94.09,94.28,94.2,48.73,17,10,7,27
94.14,94.29,94.22,48.73,17,10,7,27
94.13,94.33,94.25,48.73,17,10,7,27
93.96,94.09,94.06,49.73,18,10,8,28
93.94,94.12,94.03,49.55,18,9,9,27
93.99,94.12,94.07,49.56,18,9,9,27
94.01,94.27,94.09,49.55,18,9,9,27
94.04,94.24,94.17,48.55,17,9,8,26
93.82,93.99,93.92,47.55,17,10,7,27
93.68,93.87,93.71,47.75,17,9,8,26
93.55,93.73,93.67,5.79,14,9,5,23
93.64,93.82,93.71,6.79,14,8,6,22
93.72,93.91,93.77,6.79,14,8,6,22
93.61,93.83,93.73,6.79,14,8,6,22
93.74,93.93,93.85,6.79,14,8,6,22
93.83,94.02,93.95,6.84,14,8,6,22
93.64,93.84,93.78,6.84,14,8,6,22
93.53,93.73,93.65,6.84,14,8,6,22
93.19,93.37,93.34,6.69,14,8,6,22
93.44,93.63,93.65,-0.22,12,8,4,20
93.42,93.58,93.41,-0.09,13,7,6,20
93.28,93.45,93.47,-3.55,13,11,2,24
92.86,92.99,92.97,-2.55,13,11,2,24
92.98,93.17,93.09,-1.62,14,10,4,24
92.98,93.16,93.08,-1.02,14,12,2,26
93.05,93.23,93.15,-1.87,14,11,3,25
93.42,93.56,93.51,-1.86,13,11,2,24
93.48,93.65,93.56,-0.9,15,11,4,26
93.19,93.38,93.32,-1.7,16,10,6,26
93.19,93.37,93.37,-1.7,16,10,6,26
92.94,93.09,93.02,-1.94,14,12,2,26
92.84,93.01,92.92,-1.81,14,11,3,25
92.58,92.74,92.68,-1.81,14,11,3,25
92.46,92.64,92.58,-3.42,14,11,3,25
92.97,93.16,93.09,-5.69,15,10,5,25
92.67,92.84,92.76,2.33,18,9,9,27
92.83,92.98,92.93,2.23,17,9,8,26
93.56,93.7,93.61,2.23,17,9,8,26
93.8,93.95,93.86,8.94,16,9,7,25
93.53,93.69,93.67,7.52,15,9,6,24
93.22,93.42,93.35,7.4,16,9,7,25
93.35,93.52,93.41,7.4,16,9,7,25
94.14,94.3,94.2,7.97,17,9,8,26
94.25,94.4,94.35,7.79,18,9,9,27
94.27,94.45,94.28,7.65,18,10,8,28
94.41,94.57,94.47,7.59,18,10,8,28
94.36,94.52,94.4,7.59,18,10,8,28
94.35,94.46,94.38,7.58,17,11,6,28
94.44,94.59,94.46,7.58,17,11,6,28
94.32,94.46,94.39,7.58,17,11,6,28
94.22,94.38,94.26,7.52,16,12,4,28
94.14,94.3,94.27,7.52,16,12,4,28
94.12,94.32,94.21,7.62,16,12,4,28
94.05,94.23,94.22,7.68,16,12,4,28
94.13,94.34,94.25,7.69,16,11,5,27
94.19,94.39,94.29,7.69,16,11,5,27
94.16,94.33,94.25,7.69,16,11,5,27
94.16,94.31,94.23,7.69,16,11,5,27
94.1,94.27,94.2,7.69,16,11,5,27
94.08,94.21,94.11,7.69,16,11,5,27
93.97,94.11,94.01,7.76,15,12,3,27
93.97,94.18,93.98,7.76,15,12,3,27
93.8,93.95,93.87,7.75,14,12,2,26
93.86,94.01,93.91,7.75,14,12,2,26
93.96,94.08,93.98,7.75,14,12,2,26
93.89,94.1,93.97,7.85,15,12,3,27
94,94.17,94.06,7.85,15,12,3,27
94.07,94.19,94.1,7.74,14,12,2,26
93.99,94.09,94.11,7.71,14,12,2,26
94.29,94.42,94.3,7.74,15,11,4,26
94.19,94.35,94.29,7.72,15,11,4,26
93.97,94.17,94.05,7.7,15,11,4,26
93.92,94.06,93.98,7.71,15,12,3,27
93.88,94.02,93.93,7.77,15,12,3,27
93.57,93.73,93.65,8.29,15,12,3,27
93.65,93.81,93.63,6.4,14,12,2,26
93.63,93.83,93.74,6.46,14,12,2,26
93.57,93.76,93.64,6.47,15,12,3,27
93.56,93.74,93.65,6.47,15,12,3,27
93.33,93.54,93.43,6.54,16,11,5,27
93.23,93.44,93.36,6.94,16,12,4,28
93.25,93.41,93.34,9.02,18,10,8,28
93.53,93.7,93.55,8.52,18,10,8,28
93.42,93.62,93.54,10.62,19,10,9,29
93.8,93.96,93.86,10.66,19,10,9,29
93.84,94.03,93.91,9.8,19,11,8,30
93.84,94,93.9,7.45,17,12,5,29
94.07,94.25,94.11,7.96,16,12,4,28
94.16,94.33,94.24,7.32,14,12,2,26
94.11,94.29,94.21,6.26,14,13,1,27
93.98,94.18,94.07,6.09,12,14,-2,26
93.88,94.08,94.04,5.14,12,13,-1,25
93.96,94.16,94.11,5.13,12,13,-1,25
93.88,94.08,94.09,5.23,12,12,0,24
93.84,94.03,94.09,6.73,12,11,1,23
93.87,94.06,94.02,6.73,12,11,1,23
93.55,93.72,93.7,6.75,12,11,1,23
93.58,93.78,93.73,6.67,12,12,0,24
93.6,93.78,93.73,6.67,12,12,0,24
93.56,93.74,93.65,6.67,12,12,0,24
93.53,93.75,93.71,6.77,12,11,1,23
93.28,93.46,93.43,6.77,12,11,1,23
93.37,93.55,93.5,6.67,11,11,0,22
93.39,93.56,93.52,6.82,13,10,3,23
93.44,93.62,93.52,6.91,14,10,4,24
93.43,93.61,93.55,6.91,14,10,4,24
93.44,93.63,93.61,6.91,14,10,4,24
93.49,93.69,93.65,6.91,14,10,4,24
93.57,93.75,93.73,6.91,14,10,4,24
93.68,93.86,93.8,6.81,13,10,3,23
93.64,93.81,93.8,6.92,15,10,5,25
93.55,93.73,93.67,6.92,15,10,5,25
93.58,93.77,93.71,6.92,15,10,5,25
93.58,93.76,93.73,6.82,15,11,4,26
93.71,93.89,93.84,6.82,15,11,4,26
93.63,93.82,93.81,6.77,15,12,3,27
93.53,93.76,93.75,6.83,16,11,5,27
93.59,93.78,93.68,6.78,16,12,4,28
93.62,93.83,93.8,6.73,16,12,4,28
93.4,93.57,93.63,6.73,16,12,4,28
93.54,93.71,93.63,6.83,16,11,5,27
93.57,93.75,93.71,6.78,16,12,4,28
93.61,93.79,93.78,6.78,16,12,4,28
93.59,93.79,93.78,6.78,16,12,4,28
93.55,93.74,93.7,6.78,16,12,4,28
93.48,93.68,93.61,6.78,16,12,4,28
93.57,93.77,93.74,6.76,14,12,2,26
93.55,93.71,93.67,6.92,16,12,4,28
93.55,93.75,93.71,6.92,16,12,4,28
93.58,93.77,93.72,8.58,16,11,5,27
93.6,93.82,93.71,8.57,15,11,4,26
93.59,93.77,93.74,8.57,15,11,4,26
93.58,93.8,93.74,8.47,14,11,3,25
93.68,93.86,93.84,8.44,13,11,2,24
93.65,93.87,93.81,8.44,13,11,2,24
93.73,93.91,93.81,6.76,14,11,3,25
93.97,94.2,94.1,6.76,14,11,3,25
93.9,94.12,94.1,7.54,14,11,3,25
93.84,94.12,94.1,7.53,13,12,1,25
93.92,94.09,94.1,7.53,13,12,1,25
93.81,94,94.1,7.53,13,12,1,25
93.89,94,94.1,7.53,13,12,1,25
93.76,93.96,94.03,7.53,13,12,1,25
93.74,93.89,94.03,7.53,13,12,1,25
93.68,93.89,94.03,7.53,13,12,1,25
93.88,94.11,94.07,7.53,13,12,1,25
93.84,94.08,94.02,7.53,13,12,1,25
93.74,93.9,94.02,7.53,13,12,1,25
93.56,93.75,94.02,7.53,13,12,1,25
93.58,93.76,93.7,7.69,13,12,1,25
93.61,93.81,93.7,7.69,13,12,1,25
93.77,93.97,93.7,7.69,13,12,1,25
93.71,93.95,93.85,7.67,13,12,1,25
94.15,94.35,94.31,7.67,13,12,1,25
94.46,94.67,94.61,7.46,12,15,-3,27
94.43,94.6,94.53,6.45,12,14,-2,26
94.6,94.8,94.75,6.64,13,14,-1,27
94.56,94.72,94.65,6.85,13,14,-1,27
94.64,94.83,94.82,6.77,14,15,-1,29
94.82,94.94,94.95,6.74,12,14,-2,26
94.76,94.96,94.86,6.62,11,14,-3,25
94.74,94.93,94.95,6.52,11,14,-3,25
95.03,95.23,95.19,6.54,12,13,-1,25
95.07,95.29,95.24,6.49,10,14,-4,24
95.26,95.44,95.38,6.52,11,13,-2,24
95.72,95.92,95.99,6.81,11,14,-3,25
95.56,95.73,95.69,6.56,11,14,-3,25
95.41,95.59,95.52,6.5,11,15,-4,26
95.26,95.44,95.38,6.47,10,16,-6,26
95.49,95.65,95.61,6.51,10,16,-6,26
95.28,95.48,95.41,6.44,10,16,-6,26
95.41,95.59,95.52,6.6,12,16,-4,28
95.36,95.53,95.48,6.66,11,16,-5,27
95.42,95.56,95.5,6.35,10,17,-7,27
95.2,95.37,95.32,6.21,10,17,-7,27
94.99,95.18,95.15,6.2,10,17,-7,27
95.14,95.33,95.3,6.47,11,17,-6,28
95.05,95.24,95.21,6.34,11,17,-6,28
95.09,95.3,95.28,6.39,11,17,-6,28
95.13,95.32,95.29,6.39,11,17,-6,28
95.12,95.31,95.26,6.39,11,17,-6,28
95.03,95.31,95.26,6.39,11,17,-6,28
95.05,95.24,95.21,6.39,11,17,-6,28
95.08,95.25,95.21,6.39,11,17,-6,28
94.92,95.11,95.21,6.39,11,17,-6,28
94.77,94.91,94.93,6.38,10,17,-7,27
94.74,94.94,94.91,6.46,10,16,-6,26
94.8,95,94.96,6.54,10,15,-5,25
94.8,94.97,95.05,6.54,10,15,-5,25
94.84,95.05,94.97,6.54,10,15,-5,25
94.87,95.02,95.02,6.54,10,15,-5,25
94.91,95.11,95.06,6.54,10,15,-5,25
94.81,95.08,95.06,6.54,10,16,-6,26
94.81,95.02,95.06,6.54,10,15,-5,25
94.75,94.97,94.92,6.29,10,16,-6,26
94.84,95.04,94.92,6.29,10,16,-6,26
94.75,94.98,94.93,6.29,10,16,-6,26
94.71,94.93,94.88,6.31,10,16,-6,26
94.76,94.95,94.91,6.31,10,16,-6,26
94.62,94.83,94.79,6.41,10,16,-6,26
94.34,94.53,94.51,6.41,10,16,-6,26
94.23,94.4,94.38,5.55,9,15,-6,24
94.38,94.55,94.54,8.12,13,14,-1,27
94.4,94.59,94.57,8.09,13,14,-1,27
94.56,94.68,94.67,8.07,13,15,-2,28
94.66,94.78,94.8,8.07,13,15,-2,28
94.53,94.68,94.73,7.97,12,15,-3,27
94.51,94.68,94.61,7.97,12,15,-3,27
94.23,94.38,94.39,7.88,13,16,-3,29
94.15,94.37,94.35,6.15,13,15,-2,28
94.43,94.63,94.59,8.16,13,15,-2,28
94.36,94.54,94.55,8.02,13,16,-3,29
94.84,95.05,95.06,8.07,14,15,-1,29
94.8,95.06,95.05,5.61,13,14,-1,27
94.64,94.84,94.81,6.18,13,12,1,25
94.58,94.77,94.78,6.42,12,12,0,24
93.61,93.81,93.77,6.42,12,12,0,24
93.57,93.79,93.87,7.06,12,12,0,24
93.63,93.85,93.84,6.92,12,12,0,24
93.3,93.52,93.54,7.93,14,12,2,26
93.41,93.64,93.67,8.14,14,11,3,25
93.42,93.69,93.73,8.22,15,11,4,26
93.11,93.33,93.37,8.2,15,11,4,26
92.97,93.21,93.26,9.26,16,11,5,27
93.11,93.35,93.38,9.34,17,10,7,27
93.22,93.44,93.48,9.5,19,10,9,29
93.14,93.36,93.43,9.57,19,10,9,29
92.85,93.11,93.15,-18.45,19,12,7,31
92.89,93.09,93.18,-18.06,22,9,13,31
92.81,93.02,93.1,-17.93,25,7,18,32
92.88,93.1,93.1,-18.04,23,7,16,30
92.81,93.05,93.1,-18.09,23,8,15,31
92.85,93.08,93.08,-18.09,23,8,15,31
92.94,93.19,93.26,-18.09,23,8,15,31
92.99,93.23,93.25,-18.09,23,8,15,31
93.13,93.41,93.42,-18.04,24,7,17,31
93.17,93.39,93.45,-18.04,24,7,17,31
93.18,93.42,93.47,-18.1,23,8,15,31
93.19,93.44,93.47,-18.12,23,8,15,31
93.11,93.35,93.44,-18.12,23,8,15,31
93.19,93.43,93.47,-18.14,23,8,15,31
93.21,93.45,93.47,-18.13,24,7,17,31
93.18,93.52,93.48,-18.23,24,7,17,31
93.06,93.37,93.45,-18.23,24,7,17,31
93.11,93.38,93.41,-18.31,23,7,16,30
93.11,93.36,93.32,-18.33,22,8,14,30
92.83,93.14,93.18,-18.27,22,7,15,29
92.83,93.06,93.14,-18.25,22,7,15,29
93.01,93.29,93.33,-17.23,23,7,16,30
92.73,92.96,92.96,-17.27,23,7,16,30
92.55,92.81,92.85,-18.08,23,8,15,31
92.52,92.69,92.73,-17.85,24,9,15,33
92.6,92.86,92.9,-17.6,24,9,15,33
92.51,92.62,92.81,-17.67,26,9,17,35
92.78,93.02,93.02,-16.67,26,9,17,35
92.53,92.77,92.81,-17.47,25,10,15,35
92.58,92.83,92.94,-17.71,24,11,13,35
92.64,92.83,92.89,-17.71,24,11,13,35
92.35,92.64,92.67,-17.37,23,11,12,34
92.08,92.31,92.34,-17.29,24,11,13,35
92.36,92.59,92.64,-16.59,20,10,10,30
92.31,92.5,92.53,-17.05,18,15,3,33
92.28,92.49,92.52,-17.87,20,13,7,33
93.5,93.7,93.71,-17.87,21,12,9,33
93.64,93.82,93.8,-21.13,17,15,2,32
93.71,93.9,93.95,-22.53,16,15,1,31
93.59,93.74,93.76,-23.52,14,16,-2,30
93.33,93.51,93.51,-23.48,14,16,-2,30
93.35,93.58,93.53,-20.66,13,15,-2,28
93.66,93.84,93.86,-20.76,13,15,-2,28
93.65,93.83,93.83,-20.68,13,15,-2,28
93.74,93.92,93.86,-20.33,14,15,-1,29
93.57,93.76,93.77,-21.58,14,16,-2,30
93.65,93.78,93.79,-21.93,13,16,-3,29
93.61,93.79,93.78,-21.98,13,16,-3,29
93.58,93.76,93.73,-20.98,13,16,-3,29
93.58,93.76,93.78,-20.98,13,16,-3,29
93.54,93.72,93.7,-20.93,13,16,-3,29
93.51,93.73,93.7,-20.78,13,16,-3,29
93.41,93.57,93.57,-20.78,13,16,-3,29
93.47,93.65,93.66,-20.78,13,16,-3,29
93.49,93.7,93.7,-20.78,13,16,-3,29
93.57,93.76,93.75,-20.78,13,16,-3,29
93.57,93.77,93.74,-20.78,13,16,-3,29
93.69,93.9,93.86,-20.78,13,16,-3,29
93.67,93.87,93.85,-20.78,13,16,-3,29
93.65,93.82,93.84,-20.8,13,16,-3,29
93.64,93.81,93.8,-20.8,13,16,-3,29
93.65,93.83,93.8,-20.8,13,16,-3,29
93.8,93.97,93.97,-20.8,13,16,-3,29
93.73,93.96,93.94,-20.82,13,16,-3,29
93.57,93.76,93.94,-20.82,13,16,-3,29
93.43,93.61,93.71,-20.82,13,16,-3,29
93.38,93.56,93.6,-20.82,13,16,-3,29
93.07,93.26,93.31,-20.78,13,16,-3,29
92.99,93.23,93.25,-20.28,13,15,-2,28
92.93,93.14,93.1,-20.24,13,15,-2,28
92.95,93.11,93.16,-20.04,13,14,-1,27
92.93,93.1,93.04,-20.03,15,14,1,29
92.89,93.12,93.03,-18.93,16,12,4,28
92.99,93.18,93.18,-18.83,17,12,5,29
93.24,93.46,93.39,-19.01,16,13,3,29
92.95,93.21,93.23,-19.94,17,12,5,29
92.78,92.98,93,-20.08,16,13,3,29
92.81,93,93.03,-18.97,18,12,6,30
92.52,92.72,92.74,-18.96,19,12,7,31
92.64,92.84,92.86,-19.05,18,14,4,32
92.7,92.87,92.89,-18.75,21,12,9,33
92.76,92.97,92.98,-18.91,18,12,6,30
92.79,92.97,92.96,-19.47,17,12,5,29
92.71,92.93,92.95,-19.49,18,12,6,30
92.78,92.97,93,-18.05,19,11,8,30
92.93,93.15,93.16,-18.77,19,11,8,30
93.06,93.25,93.29,-18.87,19,11,8,30
92.87,93.05,93.07,-18.53,19,10,9,29
93.01,93.24,93.24,-17.58,19,10,9,29
91.93,92.18,92.28,-18.58,18,10,8,28
91.91,92.16,92.22,-14.62,23,8,15,31
91.73,91.98,92.08,-15.58,23,7,16,30
91.8,92.03,92.14,-14.58,24,7,17,31
91.6,91.8,91.94,-14.44,26,7,19,33
91.65,91.88,91.94,-14.44,26,7,19,33
91.61,91.85,91.91,-15.44,25,7,18,32
91.43,91.65,91.78,-15.46,23,7,16,30
91.36,91.58,91.68,-14.38,24,7,17,31
91.37,91.6,91.7,-14.36,24,7,17,31
91.42,91.65,91.75,-13.36,24,7,17,31
91.52,91.76,91.86,-13.36,24,7,17,31
91.68,91.93,92.06,-13.38,24,7,17,31
91.75,91.99,92.08,-13.38,24,7,17,31
91.67,91.9,92.08,-13.39,25,7,18,32
91.75,91.99,92.08,-13.39,25,7,18,32
91.72,91.94,92.01,-13.39,25,7,18,32
91.9,92.15,92.24,-13.39,25,7,18,32
91.9,92.18,92.24,-13.39,25,7,18,32
91.92,92.17,92.23,-14.39,25,7,18,32
91.81,92.04,92.13,-14.69,25,7,18,32
91.67,91.94,92.02,-14.69,25,7,18,32
91.67,91.94,92.01,-14.69,25,7,18,32
91.81,92.01,92.11,-14.69,25,7,18,32
91.91,92.17,92.21,-14.69,25,7,18,32
91.47,91.65,91.73,-14.69,25,7,18,32
91.67,91.88,91.98,-14.79,24,8,16,32
91.75,91.97,92.05,-14.89,24,8,16,32
91.8,91.99,92.05,-14.64,25,7,18,32
91.98,92.28,92.3,-14.64,25,7,18,32
92,92.23,92.38,-14.87,24,8,16,32
92.3,92.51,92.56,-14.87,24,8,16,32
92.33,92.57,92.66,-20.03,24,9,15,33
92.92,93.14,93.21,-20.38,24,10,14,34
92.68,92.86,92.98,-24.79,20,12,8,32
92.71,92.95,92.99,-30.08,18,12,6,30
92.34,92.59,92.61,-30.09,18,13,5,31
92.71,92.93,92.98,-30.09,18,13,5,31
92.72,92.94,93.03,-30.1,17,14,3,31
93.05,93.27,93.34,-29.95,17,13,4,30
93.03,93.23,93.32,-30.74,17,15,2,32
93.05,93.28,93.38,-30.9,16,16,0,32
93.57,93.74,93.82,-30.61,17,14,3,31
93.52,93.73,93.81,-32.17,15,18,-3,33
93.39,93.63,93.7,-32.44,15,17,-2,32
93.33,93.55,93.63,-31.66,15,17,-2,32
93.44,93.63,93.7,-30.46,15,16,-1,31
93.41,93.63,93.72,-30.53,16,16,0,32
93.44,93.66,93.73,-30.64,14,16,-2,30
93.33,93.55,93.62,-30.74,14,17,-3,31
93.31,93.54,93.59,-30.54,14,16,-2,30
93.26,93.46,93.54,-30.49,14,16,-2,30
93.29,93.43,93.58,-30.44,14,16,-2,30
93.39,93.59,93.61,-37.44,14,16,-2,30
93.28,93.5,93.56,-37.44,14,16,-2,30
93.29,93.49,93.56,-37.39,15,16,-1,31
93.15,93.35,93.46,-37.39,15,16,-1,31
93.15,93.38,93.49,-37.19,15,16,-1,31
93.12,93.34,93.49,-37.19,15,16,-1,31
93.09,93.29,93.42,-37.17,15,16,-1,31
93.12,93.35,93.39,-37.17,15,16,-1,31
92.98,93.2,93.33,-37.07,16,15,1,31
93.02,93.26,93.36,-37.07,15,15,0,30
93.01,93.24,93.32,-37.07,15,15,0,30
92.96,93.18,93.21,-37.07,15,15,0,30
93.03,93.24,93.21,-36.81,16,15,1,31
93.01,93.3,93.32,-36.81,16,15,1,31
92.96,93.21,93.28,-36.81,16,15,1,31
93.03,93.25,93.33,-36.81,16,15,1,31
93.23,93.44,93.51,-36.75,16,15,1,31
93.07,93.29,93.42,-36.79,16,15,1,31
93.11,93.3,93.36,-36.54,16,14,2,30
93.09,93.26,93.39,-36.59,16,14,2,30
92.9,93.12,93.17,-36.41,17,13,4,30
92.93,93.11,93.2,-36.17,18,17,1,35
92.9,93.14,93.27,-35.57,18,16,2,34
92.92,93.14,93.22,-35.59,18,15,3,33
